Pokemon1,Pokemon2,Winrate_Together,Avg_Base_Winrate,Synergy_Delta,Sample_Size
Manectric,Pelipper,68.85,51.83,17.02,77
Donphan,Raichu,72.26,56.24,16.02,56
Fearow,Raichu,74.3,58.97,15.34,51
Gyarados,Marowak,74.52,59.26,15.26,78
Gyarados,Exploud,73.93,58.93,15.0,83
Venusaur,Ponyta,73.48,58.5,14.98,67
Fearow,Sceptile,77.49,62.67,14.82,61
Gyarados,Loudred,71.13,56.5,14.63,72
Venusaur,Flaaffy,76.16,61.56,14.6,63
Venusaur,Rapidash,80.35,66.09,14.27,80
Gyarados,Magnemite,71.96,57.72,14.24,63
Venusaur,Camerupt,72.74,58.62,14.11,71
Venusaur,Xatu,77.83,63.72,14.11,78
Venusaur,Magnemite,73.5,59.41,14.08,62
Venusaur,Chansey,70.13,56.08,14.05,85
Scyther,Manectric,74.0,59.99,14.01,80
Venusaur,Persian,74.51,60.54,13.97,77
Gyarados,Donphan,76.91,62.96,13.95,79
Venusaur,Skarmory,76.25,62.33,13.93,61
Blastoise,Charizard,79.69,65.79,13.9,66
Gyarados,Xatu,75.89,62.02,13.87,62
Gyarados,Flaaffy,73.63,59.86,13.76,85
Blastoise,Porygon2,73.02,59.34,13.68,68
Venusaur,Raichu,76.49,62.98,13.51,78
Typhlosion,Donphan,71.79,58.38,13.42,58
Venusaur,Loudred,71.61,58.2,13.42,51
Venusaur,Starmie,77.7,64.3,13.4,65
Venusaur,Manectric,78.37,65.05,13.32,63
Blastoise,Electabuzz,74.12,60.83,13.29,71
Charizard,Blissey,75.3,62.05,13.25,67
Gyarados,Snorlax,73.04,59.8,13.24,73
Fearow,Flaaffy,70.72,57.55,13.17,68
Venusaur,Feraligatr,78.33,65.23,13.1,73
Charizard,Sceptile,76.88,63.81,13.07,77
Charizard,Exploud,70.81,57.75,13.06,69
Sceptile,Porygon2,70.38,57.36,13.02,72
Typhlosion,Blissey,71.64,58.64,12.99,70
Flygon,Manectric,72.25,59.3,12.95,60
Venusaur,Magmar,73.48,60.58,12.9,80
Venusaur,Jolteon,75.93,63.05,12.88,75
Fearow,Smeargle,66.82,54.05,12.77,68
Venusaur,Plusle,69.98,57.22,12.77,69
Gyarados,Cubone,67.16,54.44,12.72,64
Fearow,Porygon2,70.75,58.05,12.7,70
Venusaur,Growlithe,71.7,59.0,12.7,82
Venusaur,Pelipper,70.87,58.16,12.7,79
Rapidash,Porygon2,69.44,56.76,12.68,55
Venusaur,Geodude,69.51,56.83,12.68,78
Venusaur,Smeargle,70.72,58.06,12.66,59
Scyther,Donphan,72.23,59.59,12.63,59
Venusaur,Staryu,71.46,58.84,12.62,81
Blastoise,Flygon,75.45,62.91,12.54,75
Fearow,Rapidash,74.6,62.08,12.52,78
Donphan,Starmie,70.08,57.56,12.51,60
Charizard,Electrode,71.03,58.52,12.51,70
Gyarados,Smeargle,68.87,56.36,12.5,64
Gyarados,Sceptile,77.49,64.99,12.5,61
Charizard,Xatu,73.32,60.84,12.48,76
Blastoise,Xatu,73.45,60.99,12.46,83
Blastoise,Magneton,69.9,57.47,12.43,56
Venusaur,Blissey,77.34,64.92,12.42,65
Venusaur,Natu,70.78,58.39,12.4,73
Sandslash,Pupitar,59.28,46.89,12.39,75
Blastoise,Smeargle,67.69,55.33,12.36,70
Charizard,Jolteon,72.52,60.17,12.35,71
Venusaur,Charizard,80.87,68.52,12.35,70
Charizard,Porygon2,71.53,59.19,12.34,70
Venusaur,Blastoise,81.0,68.66,12.33,93
Gyarados,Porygon2,72.67,60.37,12.3,57
Gyarados,Electabuzz,74.15,61.86,12.29,73
Venusaur,Exploud,72.82,60.62,12.2,69
Blastoise,Typhlosion,74.54,62.38,12.16,73
Venusaur,Electrode,73.54,61.39,12.15,72
Charizard,Rapidash,75.36,63.21,12.15,72
Charizard,Snorlax,70.76,58.62,12.14,79
Venusaur,Magneton,72.32,60.2,12.12,80
Feraligatr,Donphan,70.57,58.5,12.08,67
Blastoise,Growlithe,68.34,56.27,12.07,94
Sceptile,Flaaffy,68.91,56.85,12.05,54
Venusaur,Pidgeotto,70.28,58.25,12.03,69
Fearow,Feraligatr,73.23,61.22,12.01,60
Fearow,Electrode,69.36,57.38,11.98,58
Ninetales,Exeggutor,61.09,49.11,11.97,64
Venusaur,Blaziken,69.63,57.7,11.93,66
Charizard,Manectric,74.08,62.17,11.9,67
Venusaur,Typhlosion,76.97,65.11,11.86,68
Blastoise,Persian,69.67,57.81,11.86,67
Venusaur,Miltank,71.3,59.44,11.86,70
Venusaur,Flareon,74.26,62.41,11.85,68
Charizard,Sandslash,69.21,57.39,11.82,63
Venusaur,Sandslash,72.06,60.26,11.8,67
Venusaur,Tentacruel,71.22,59.43,11.79,59
Electabuzz,Skarmory,66.27,54.49,11.78,76
Venusaur,Vibrava,72.16,60.41,11.75,73
Venusaur,Cacturne,70.71,58.98,11.74,79
Venusaur,Golduck,70.6,58.89,11.7,70
Charizard,Fearow,76.18,64.5,11.67,67
Blastoise,Rapidash,75.03,63.36,11.67,82
Venusaur,Voltorb,67.73,56.07,11.66,73
Gyarados,Fearow,77.33,65.69,11.64,85
Venusaur,Dugtrio,72.03,60.39,11.64,68
Sceptile,Typhlosion,72.04,60.41,11.63,72
Venusaur,Mantine,70.03,58.4,11.63,69
Gyarados,Steelix,70.42,58.8,11.61,74
Gyarados,Meganium,69.86,58.25,11.61,89
Fearow,Blissey,72.51,60.91,11.6,69
Venusaur,Electrike,69.94,58.39,11.55,71
Venusaur,Psyduck,66.55,55.0,11.55,69
Blastoise,Fearow,76.19,64.66,11.54,52
Venusaur,Fearow,78.92,67.38,11.54,61
Scyther,Flaaffy,68.03,56.5,11.53,73
Gyarados,Raichu,72.8,61.28,11.52,75
Gyarados,Sandslash,70.07,58.56,11.51,53
Venusaur,Snorlax,72.98,61.5,11.49,68
Venusaur,Minun,68.56,57.09,11.48,67
Gyarados,Girafarig,68.79,57.33,11.47,73
Flygon,Porygon2,67.76,56.31,11.45,76
Fearow,Jolteon,70.48,59.04,11.44,66
Venusaur,Swampert,69.07,57.64,11.43,66
Blissey,Raichu,67.93,56.51,11.42,69
Blastoise,Geodude,65.52,54.11,11.41,76
Venusaur,Slowbro,72.2,60.8,11.41,80
Gyarados,Rapidash,75.79,64.39,11.4,84
Venusaur,Slugma,68.42,57.05,11.37,84
Blastoise,Raichu,71.61,60.25,11.36,81
Fearow,Azumarill,68.89,57.52,11.36,69
Venusaur,Magcargo,70.59,59.24,11.35,67
Blastoise,Donphan,73.27,61.93,11.34,73
Venusaur,Trapinch,67.46,56.12,11.33,75
Blastoise,Exeggutor,68.63,57.31,11.32,83
Gyarados,Swampert,67.23,55.94,11.29,74
Venusaur,Spearow,69.78,58.52,11.27,67
Charizard,Donphan,73.05,61.78,11.27,74
Scyther,Smeargle,64.27,53.0,11.27,65
Charizard,Starmie,72.69,61.42,11.26,66
Flygon,Blissey,70.41,59.17,11.24,69
Venusaur,Flygon,76.85,65.64,11.22,62
Gyarados,Staryu,68.35,57.14,11.21,66
Fearow,Manectric,72.24,61.04,11.2,70
Gyarados,Flygon,75.12,63.94,11.18,71
Charizard,Flygon,73.93,62.76,11.17,52
Fearow,Pupitar,65.15,54.0,11.15,67
Rapidash,Donphan,70.5,59.35,11.15,79
Scyther,Flygon,71.73,60.58,11.15,76
Sceptile,Electabuzz,70.0,58.85,11.15,69
Venusaur,Cubone,67.26,56.14,11.13,75
Scyther,Magnemite,65.47,54.36,11.12,71
Feraligatr,Porygon2,67.02,55.91,11.11,60
Gyarados,Vaporeon,70.26,59.17,11.09,52
Gyarados,Skarmory,71.72,60.63,11.09,72
Typhlosion,Porygon2,66.86,55.78,11.07,77
Venusaur,Electabuzz,74.57,63.56,11.01,64
Venusaur,Porygon2,73.07,62.06,11.0,91
Venusaur,Quilava,67.28,56.3,10.99,66
Raichu,Porygon2,64.64,53.65,10.99,48
Venusaur,Slaking,69.97,58.99,10.98,64
Venusaur,Crobat,71.59,60.61,10.98,53
Charizard,Magnemite,67.5,56.54,10.96,71
Gyarados,Sunflora,66.02,55.09,10.93,71
Rapidash,Xatu,69.31,58.41,10.89,70
Scyther,Marowak,66.79,55.9,10.89,65
Venusaur,Gyarados,80.55,69.69,10.86,77
Donphan,Flaaffy,65.66,54.83,10.83,56
Gyarados,Geodude,65.96,55.14,10.83,87
Venusaur,Onix,66.7,55.89,10.81,85
Xatu,Jolteon,66.18,55.38,10.8,57
Venusaur,Wartortle,67.44,56.66,10.78,73
Fearow,Flygon,72.38,61.62,10.75,64
Blastoise,Starmie,72.33,61.58,10.75,78
Starmie,Porygon2,65.72,54.98,10.74,68
Venusaur,Scyther,77.04,66.33,10.71,66
Gyarados,Electrike,67.4,56.69,10.71,52
Sceptile,Raichu,68.97,58.27,10.7,59
Rapidash,Flygon,70.98,60.33,10.65,76
Charizard,Raichu,70.74,60.1,10.64,68
Blastoise,Electrode,69.31,58.66,10.64,68
Fearow,Snorlax,68.12,57.48,10.64,68
Flygon,Typhlosion,69.98,59.36,10.63,60
Venusaur,Vigoroth,66.53,55.98,10.55,68
Fearow,Donphan,71.18,60.64,10.54,63
Flygon,Snorlax,66.26,55.74,10.52,70
Blastoise,Jolteon,70.83,60.33,10.51,72
Sceptile,Rapidash,71.89,61.38,10.51,87
Xatu,Snorlax,64.32,53.83,10.5,74
Feraligatr,Typhlosion,69.44,58.95,10.49,63
Charizard,Smeargle,65.68,55.19,10.49,75
Charizard,Spearow,66.11,55.64,10.47,68
Fearow,Starmie,70.75,60.29,10.46,63
Venusaur,Meganium,70.4,59.95,10.45,69
Blastoise,Magnemite,67.12,56.69,10.43,79
Venusaur,Sceptile,77.1,66.69,10.41,81
Gyarados,Ivysaur,65.31,54.91,10.4,74
Blastoise,Cacturne,66.65,56.25,10.4,59
Charizard,Feraligatr,72.75,62.36,10.4,73
Fearow,Magmar,66.96,56.56,10.39,62
Donphan,Electabuzz,67.22,56.83,10.39,54
Scyther,Porygon2,67.38,57.01,10.38,66
Venusaur,Sunflora,67.14,56.78,10.36,81
Gyarados,Manectric,73.7,63.36,10.35,64
Flygon,Skarmory,66.91,56.57,10.34,68
Blastoise,Magmar,68.19,57.85,10.34,69
Blastoise,Sceptile,74.29,63.96,10.33,69
Venusaur,Vaporeon,71.2,60.87,10.33,68
Scyther,Blissey,70.18,59.87,10.32,69
Gyarados,Ponyta,67.13,56.81,10.32,68
Blastoise,Manectric,72.61,62.33,10.29,94
Sceptile,Starmie,69.88,59.59,10.29,70
Sceptile,Xatu,69.3,59.02,10.28,72
Rapidash,Starmie,69.27,59.0,10.28,77
Charizard,Electabuzz,70.92,60.69,10.23,67
Fearow,Persian,66.75,56.53,10.22,60
Sceptile,Donphan,70.12,59.95,10.17,71
Charizard,Persian,67.81,57.66,10.15,69
Sceptile,Blissey,70.37,60.22,10.15,83
Venusaur,Sandshrew,65.69,55.55,10.15,76
Fearow,Noctowl,69.42,59.28,10.14,55
Manectric,Donphan,68.43,58.31,10.11,67
Rapidash,Cacturne,63.77,53.67,10.1,77
Gyarados,Cradily,71.05,60.95,10.1,63
Rapidash,Noctowl,68.08,57.98,10.09,68
Blastoise,Blissey,72.28,62.2,10.08,89
Blastoise,Electrike,65.72,55.66,10.06,65
Venusaur,Graveler,68.53,58.47,10.06,83
Venusaur,Charmeleon,66.98,56.94,10.04,74
Venusaur,Marowak,70.99,60.95,10.03,72
Fearow,Dugtrio,66.4,56.38,10.02,49
Gyarados,Graveler,66.78,56.77,10.01,72
Flygon,Starmie,68.54,58.55,10.0,71
Flareon,Flaaffy,62.57,52.58,9.99,74
Typhlosion,Snorlax,65.2,55.22,9.98,84
Charizard,Azumarill,68.63,58.66,9.97,60
Gyarados,Blastoise,76.93,66.97,9.96,58
Gyarados,Persian,68.8,58.84,9.95,69
Gyarados,Mantine,66.66,56.7,9.95,65
Sceptile,Feraligatr,70.44,60.52,9.92,75
Charizard,Marowak,68.0,58.08,9.92,82
Venusaur,Golbat,67.01,57.11,9.91,58
Scyther,Snorlax,66.34,56.44,9.9,54
Gyarados,Flareon,70.58,60.72,9.87,78
Donphan,Xatu,66.85,56.98,9.86,73
Venusaur,Azumarill,71.4,61.53,9.86,78
Blastoise,Camerupt,65.76,55.9,9.86,72
Scyther,Xatu,68.52,58.66,9.86,65
Blissey,Jolteon,66.42,56.59,9.84,69
Tentacruel,Pelipper,56.02,46.2,9.82,71
Blastoise,Feraligatr,72.32,62.5,9.81,68
Venusaur,Croconaw,66.44,56.63,9.81,85
Rapidash,Slowbro,65.28,55.49,9.79,81
Gyarados,Golbat,65.19,55.41,9.78,57
Gyarados,Gloom,66.04,56.28,9.76,78
Donphan,Snorlax,64.49,54.76,9.73,57
Scyther,Typhlosion,69.77,60.05,9.72,78
Fearow,Exploud,66.33,56.61,9.72,72
Venusaur,Steelix,70.19,60.5,9.69,78
Gyarados,Onix,63.88,54.2,9.68,76
Venusaur,Donphan,74.32,64.66,9.66,77
Blastoise,Skarmory,69.25,59.6,9.65,72
Gyarados,Camerupt,66.58,56.93,9.65,69
Typhlosion,Starmie,67.65,58.02,9.63,80
Sceptile,Flareon,67.3,57.7,9.59,71
Charizard,Vaporeon,67.58,58.0,9.59,62
Venusaur,Golem,70.36,60.77,9.58,76
Blissey,Electabuzz,66.67,57.09,9.57,61
Rapidash,Snorlax,65.76,56.19,9.57,77
Charizard,Scyther,73.02,63.45,9.56,58
Fearow,Cradily,68.2,58.64,9.56,66
Blastoise,Gloom,64.8,55.25,9.55,71
Fearow,Xatu,69.26,59.71,9.55,66
Gyarados,Slugma,64.9,55.36,9.54,64
Rapidash,Manectric,69.27,59.75,9.53,77
Scyther,Lileep,62.87,53.37,9.5,63
Blastoise,Flareon,69.17,59.69,9.49,71
Blastoise,Sandslash,67.02,57.53,9.49,70
Fearow,Electabuzz,69.03,59.55,9.48,73
Rapidash,Slaking,63.16,53.69,9.48,70
Venusaur,Exeggutor,69.51,60.04,9.47,82
Noctowl,Jolteon,64.41,54.95,9.46,63
Cacturne,Pupitar,55.06,45.6,9.46,68
Rapidash,Exeggutor,64.2,54.73,9.46,83
Gyarados,Cacturne,66.72,57.28,9.44,67
Gyarados,Golduck,66.63,57.2,9.43,67
Blastoise,Scyther,73.04,63.61,9.43,68
Typhlosion,Jolteon,66.19,56.77,9.42,62
Charizard,Cradily,69.19,59.77,9.41,60
Sceptile,Jolteon,67.75,58.34,9.41,84
Blastoise,Mantine,65.08,55.67,9.41,76
Blastoise,Loudred,64.87,55.47,9.4,73
Gyarados,Slowbro,68.5,59.1,9.4,74
Gyarados,Natu,66.07,56.69,9.38,75
Typhlosion,Electabuzz,66.64,57.28,9.36,73
Starmie,Jolteon,65.32,55.96,9.36,67
Venusaur,Grovyle,66.9,57.55,9.35,75
Scyther,Cacturne,63.27,53.92,9.35,65
Fearow,Typhlosion,70.44,61.1,9.34,68
Gyarados,Magcargo,66.88,57.55,9.33,74
Venusaur,Exeggcute,65.12,55.79,9.33,69
Gyarados,Croconaw,64.23,54.94,9.29,79
Xatu,Raichu,64.6,55.3,9.29,63
Rapidash,Feraligatr,69.22,59.92,9.29,67
Gyarados,Slaking,66.59,57.3,9.29,81
Feraligatr,Noctowl,66.41,57.13,9.28,51
Venusaur,Gloom,67.24,57.98,9.27,80
Flygon,Feraligatr,68.72,59.48,9.24,65
Gyarados,Lileep,65.96,56.73,9.23,82
Gyarados,Crobat,68.14,58.91,9.23,69
Blissey,Xatu,66.49,57.25,9.23,77
Sceptile,Golduck,63.4,54.19,9.21,61
Gyarados,Blissey,72.44,63.23,9.21,75
Blastoise,Sunflora,63.26,54.06,9.2,71
Rapidash,Blissey,68.8,59.62,9.18,74
Charizard,Magneton,66.5,57.32,9.18,71
Manectric,Skarmory,65.16,55.98,9.17,67
Scyther,Feraligatr,69.33,60.17,9.16,81
Blissey,Snorlax,64.19,55.03,9.16,80
Scyther,Jolteon,67.14,57.99,9.15,69
Scyther,Sandslash,64.34,55.2,9.14,74
Blastoise,Slowbro,67.2,58.07,9.13,74
Typhlosion,Manectric,67.89,58.77,9.12,71
Blastoise,Meganium,66.35,57.22,9.12,74
Rapidash,Cradily,66.46,57.34,9.11,70
Gyarados,Minun,64.43,55.39,9.04,58
Gyarados,Noctowl,70.64,61.59,9.04,62
Gyarados,Azumarill,68.88,59.84,9.04,75
Charizard,Meganium,66.12,57.08,9.04,70
Gyarados,Typhlosion,72.45,63.41,9.03,68
Sceptile,Persian,64.85,55.83,9.02,66
Gyarados,Chansey,63.39,54.39,9.0,67
Gyarados,Sandshrew,62.85,53.85,9.0,63
Jolteon,Porygon2,62.71,53.73,8.98,76
Charizard,Exeggutor,66.13,57.16,8.97,88
Blastoise,Slaking,65.21,56.27,8.95,71
Blastoise,Snorlax,67.71,58.77,8.94,79
Scyther,Cradily,66.51,57.59,8.92,59
Gyarados,Spearow,65.74,56.82,8.92,59
Blissey,Donphan,67.11,58.19,8.92,64
Donphan,Flareon,64.59,55.67,8.92,69
Venusaur,Ivysaur,65.51,56.61,8.9,72
Blissey,Flareon,64.84,55.95,8.89,82
Venusaur,Girafarig,67.91,59.02,8.89,88
Blastoise,Slugma,63.21,54.33,8.88,69
Feraligatr,Blissey,67.65,58.77,8.88,69
Feraligatr,Starmie,67.01,58.14,8.87,66
Blastoise,Cubone,62.28,53.41,8.87,65
Charizard,Slowbro,66.78,57.92,8.86,56
Sceptile,Scyther,70.48,61.62,8.85,70
Manectric,Porygon2,64.56,55.73,8.84,68
Gyarados,Pidgeotto,65.38,56.55,8.83,69
Charizard,Graveler,64.41,55.59,8.82,60
Xatu,Electabuzz,64.71,55.89,8.82,74
Venusaur,Marill,64.69,55.88,8.81,71
Rapidash,Persian,64.05,55.23,8.81,53
Fearow,Flareon,67.19,58.4,8.79,60
Charizard,Skarmory,68.23,59.45,8.78,76
Typhlosion,Magnemite,61.91,53.13,8.78,68
Charizard,Minun,62.99,54.21,8.78,52
Feraligatr,Manectric,67.68,58.89,8.78,64
Gyarados,Magneton,67.27,58.5,8.77,67
Rapidash,Skarmory,65.79,57.02,8.77,77
Feraligatr,Camerupt,61.2,52.47,8.74,66
Scyther,Steelix,64.17,55.44,8.73,80
Flygon,Jolteon,66.02,57.3,8.73,72
Charizard,Crobat,66.47,57.73,8.73,65
Noctowl,Dugtrio,61.0,52.29,8.71,75
Gyarados,Psyduck,62.01,53.3,8.7,71
Flygon,Raichu,65.91,57.22,8.69,72
Donphan,Jolteon,64.99,56.31,8.68,65
Feraligatr,Xatu,66.23,57.56,8.67,74
Blastoise,Flaaffy,67.5,58.83,8.66,69
Gyarados,Scyther,73.28,64.64,8.65,77
Charizard,Flaaffy,67.33,58.69,8.64,63
Charizard,Steelix,66.25,57.62,8.63,73
Charizard,Geodude,62.57,53.95,8.62,80
Typhlosion,Golem,63.12,54.49,8.62,72
Blastoise,Golem,66.67,58.05,8.62,71
Blissey,Golbat,59.26,50.64,8.62,64
Gyarados,Golem,67.67,59.08,8.59,64
Gyarados,Exeggcute,62.68,54.09,8.59,71
Blastoise,Pelipper,64.03,55.44,8.59,87
Starmie,Cradily,64.14,55.56,8.58,62
Starmie,Xatu,65.21,56.63,8.58,69
Typhlosion,Skarmory,64.62,56.05,8.58,72
Blastoise,Ivysaur,62.45,53.88,8.56,62
Sceptile,Manectric,68.88,60.34,8.53,73
Gyarados,Starmie,71.12,62.61,8.52,69
Gyarados,Hoothoot,61.56,53.04,8.52,54
Charizard,Dugtrio,66.01,57.52,8.5,67
Blastoise,Blaziken,63.46,54.97,8.49,76
Gyarados,Charmeleon,63.72,55.25,8.48,61
Manectric,Noctowl,65.42,56.95,8.47,70
Gyarados,Pelipper,64.93,56.47,8.46,53
Charizard,Wartortle,62.21,53.78,8.43,48
Starmie,Slowbro,62.13,53.7,8.43,68
Manectric,Meganium,62.01,53.61,8.4,73
Charizard,Magmar,66.09,57.7,8.39,77
Charizard,Cubone,61.64,53.26,8.38,67
Feraligatr,Skarmory,64.52,56.16,8.36,63
Gyarados,Vibrava,67.08,58.72,8.36,76
Blissey,Porygon2,63.96,55.6,8.36,68
Manectric,Xatu,65.73,57.38,8.35,69
Sceptile,Growlithe,62.61,54.29,8.32,63
Typhlosion,Vaporeon,62.91,54.59,8.32,67
Fearow,Ninetales,64.76,56.45,8.31,72
Feraligatr,Electrode,63.54,55.23,8.31,67
Scyther,Flareon,65.65,57.35,8.3,79
Rapidash,Vaporeon,63.85,55.56,8.28,60
Scyther,Vaporeon,64.09,55.81,8.28,78
Feraligatr,Raichu,65.09,56.81,8.27,69
Gyarados,Tentacruel,66.0,57.73,8.26,62
Charizard,Natu,63.77,55.51,8.26,77
Blastoise,Vibrava,65.94,57.69,8.25,68
Skarmory,Electrode,60.57,52.33,8.25,67
Gyarados,Quilava,62.84,54.6,8.24,69
Blissey,Crobat,62.37,54.14,8.23,74
Sceptile,Pupitar,61.54,53.31,8.23,59
Gyarados,Trapinch,62.65,54.43,8.22,77
Starmie,Flareon,63.53,55.32,8.21,75
Scyther,Persian,63.69,55.48,8.21,69
Sceptile,Vaporeon,64.37,56.16,8.2,73
Sceptile,Magcargo,62.72,54.53,8.19,63
Venusaur,Cradily,70.84,62.65,8.19,90
Gyarados,Exeggutor,66.52,58.34,8.18,75
Fearow,Steelix,64.66,56.49,8.17,68
Scyther,Dugtrio,63.49,55.33,8.16,78
Blastoise,Sandshrew,60.97,52.82,8.15,77
Manectric,Vaporeon,62.68,54.53,8.15,77
Charizard,Camerupt,63.87,55.75,8.12,87
Blissey,Skarmory,63.98,55.86,8.12,60
Ninetales,Exeggcute,52.96,44.86,8.1,68
Blastoise,Vaporeon,66.22,58.14,8.07,73
Flygon,Electrode,63.7,55.64,8.06,73
Fearow,Scyther,70.35,62.32,8.03,71
Gyarados,Dugtrio,66.73,58.7,8.03,66
Fearow,Minun,61.08,53.08,8.0,63
Rapidash,Magmar,63.27,55.27,8.0,65
Sceptile,Snorlax,64.79,56.79,8.0,72
Gyarados,Electrode,67.68,59.7,7.99,79
Typhlosion,Xatu,65.42,57.44,7.98,85
Sceptile,Exploud,63.88,55.92,7.96,62
Blastoise,Spearow,63.73,55.79,7.94,90
Typhlosion,Flaaffy,63.21,55.28,7.93,78
Charizard,Loudred,63.24,55.32,7.92,63
Blissey,Golem,62.23,54.31,7.92,67
Blastoise,Steelix,65.67,57.77,7.9,69
Feraligatr,Snorlax,63.22,55.34,7.89,61
Gyarados,Marill,62.08,54.19,7.89,70
Scyther,Exploud,63.46,55.56,7.89,77
Fearow,Vaporeon,64.74,56.86,7.88,55
Flygon,Magneton,62.31,54.44,7.87,63
Fearow,Slowbro,64.65,56.78,7.87,65
Flygon,Slaking,61.09,53.23,7.86,62
Blastoise,Cradily,67.78,59.92,7.85,72
Venusaur,Ninetales,68.32,60.47,7.85,66
Jolteon,Persian,60.05,52.2,7.85,73
Blastoise,Staryu,63.95,56.11,7.84,87
Scyther,Electabuzz,66.34,58.5,7.84,71
Sceptile,Noctowl,66.41,58.58,7.82,60
Fearow,Onix,59.7,51.88,7.82,67
Rapidash,Jolteon,65.55,57.75,7.81,92
Feraligatr,Slowbro,62.45,54.64,7.81,76
Fearow,Miltank,63.24,55.43,7.81,60
Gyarados,Blaziken,63.78,56.0,7.78,76
Charizard,Ninetales,65.36,57.59,7.77,77
Fearow,Meganium,63.67,55.94,7.73,69
Charizard,Pupitar,62.87,55.14,7.73,60
Charizard,Blaziken,62.56,54.83,7.73,74
Donphan,Magmar,61.56,53.84,7.72,59
Charizard,Growlithe,63.82,56.12,7.7,62
Electrode,Meganium,57.63,49.95,7.68,60
Blastoise,Marowak,65.9,58.23,7.67,64
Flygon,Noctowl,65.19,57.53,7.66,51
Venusaur,Hoothoot,62.4,54.73,7.66,66
Scyther,Tentacruel,62.03,54.37,7.66,60
Feraligatr,Jolteon,64.54,56.89,7.65,63
Flygon,Electrike,60.28,52.63,7.65,62
Typhlosion,Meganium,61.31,53.67,7.64,67
Feraligatr,Flareon,63.89,56.25,7.64,58
Porygon2,Magmar,58.88,51.25,7.63,52
Electabuzz,Exploud,60.43,52.8,7.63,78
Xatu,Dugtrio,60.35,52.72,7.63,66
Noctowl,Porygon2,61.58,53.97,7.62,51
Xatu,Porygon2,62.02,54.39,7.62,68
Charizard,Mantine,63.14,55.52,7.62,71
Fearow,Golduck,62.48,54.88,7.6,72
Blastoise,Swampert,62.51,54.91,7.6,74
Flygon,Pidgeotto,60.08,52.5,7.59,61
Sceptile,Ninetales,63.34,55.76,7.58,65
Charizard,Miltank,64.15,56.56,7.58,70
Charizard,Vigoroth,60.68,53.11,7.57,76
Rapidash,Meganium,62.2,54.64,7.55,74
Manectric,Cradily,63.86,56.31,7.55,66
Rapidash,Natu,60.61,53.08,7.53,81
Gyarados,Grovyle,63.37,55.86,7.51,74
Charizard,Electrike,63.02,55.51,7.51,55
Blissey,Growlithe,60.03,52.53,7.5,71
Fearow,Magnemite,62.91,55.41,7.5,78
Rapidash,Electrode,63.59,56.09,7.5,72
Blastoise,Ninetales,65.23,57.74,7.49,78
Rapidash,Ninetales,62.65,55.16,7.49,77
Rapidash,Staryu,61.01,53.53,7.48,74
Charizard,Vibrava,65.02,57.54,7.48,70
Blissey,Azumarill,62.54,55.07,7.47,58
Scyther,Loudred,60.6,53.14,7.46,63
Rapidash,Crobat,62.77,55.3,7.46,71
Typhlosion,Cradily,63.82,56.37,7.45,69
Donphan,Persian,61.24,53.8,7.44,70
Donphan,Exploud,61.33,53.89,7.44,58
Gyarados,Jolteon,68.8,61.36,7.44,73
Charizard,Ponyta,63.06,55.63,7.43,83
Sceptile,Electrode,64.11,56.69,7.43,61
Charizard,Quilava,60.84,53.42,7.42,70
Gyarados,Magmar,66.29,58.88,7.41,71
Starmie,Electrode,61.71,54.3,7.41,58
Charizard,Noctowl,67.82,60.41,7.4,66
Starmie,Magneton,60.5,53.11,7.4,91
Gyarados,Vigoroth,61.69,54.28,7.4,90
Rapidash,Azumarill,63.62,56.23,7.39,79
Charizard,Tentacruel,63.95,56.55,7.39,62
Scyther,Golem,63.1,55.72,7.38,80
Scyther,Rapidash,68.38,61.03,7.36,72
Rapidash,Sandslash,62.3,54.95,7.35,63
Manectric,Growlithe,59.99,52.66,7.34,75
Donphan,Miltank,60.04,52.7,7.33,73
Charizard,Magcargo,63.69,56.37,7.32,85
Charizard,Typhlosion,69.54,62.23,7.31,60
Sceptile,Magneton,62.79,55.49,7.3,60
Manectric,Blissey,65.88,58.59,7.3,66
Fearow,Staryu,62.13,54.83,7.3,77
Feraligatr,Azumarill,62.67,55.38,7.29,62
Blissey,Noctowl,64.09,56.83,7.27,70
Raichu,Skarmory,61.17,53.91,7.26,75
Sceptile,Magnemite,61.97,54.71,7.26,69
Sceptile,Cradily,65.19,57.94,7.25,64
Gyarados,Miltank,65.0,57.75,7.25,82
Electabuzz,Noctowl,62.71,55.46,7.25,79
Charizard,Gloom,62.35,55.1,7.25,71
Manectric,Crobat,61.52,54.27,7.25,69
Gyarados,Wartortle,62.2,54.97,7.23,68
Feraligatr,Exeggutor,61.1,53.88,7.22,65
Sceptile,Pidgeotto,60.75,53.55,7.21,74
Blastoise,Pidgeotto,62.72,55.52,7.2,75
Fearow,Camerupt,61.8,54.61,7.19,64
Flygon,Ninetales,61.9,54.71,7.19,76
Blastoise,Charmeleon,61.41,54.22,7.19,89
Exploud,Meganium,56.37,49.19,7.19,73
Flygon,Electabuzz,64.98,57.8,7.18,63
Fearow,Tentacruel,62.6,55.42,7.18,69
Ninetales,Gloom,54.23,47.05,7.18,74
Blastoise,Girafarig,63.47,56.3,7.18,75
Scyther,Magmar,62.68,55.52,7.17,68
Blissey,Girafarig,59.72,52.55,7.16,69
Manectric,Marowak,61.76,54.62,7.15,70
Xatu,Magneton,59.66,52.52,7.14,86
Fearow,Sandshrew,58.67,51.53,7.14,59
Typhlosion,Steelix,61.36,54.22,7.14,72
Sceptile,Magmar,63.01,55.87,7.14,61
Electabuzz,Golem,60.08,52.94,7.13,65
Blissey,Magnemite,60.07,52.95,7.12,81
Fearow,Graveler,61.57,54.45,7.11,81
Flaaffy,Magmar,57.81,50.74,7.06,76
Sceptile,Skarmory,64.68,57.62,7.06,70
Venusaur,Noctowl,70.35,63.29,7.06,71
Blastoise,Croconaw,60.95,53.91,7.05,89
Blastoise,Graveler,62.78,55.74,7.04,73
Gyarados,Plusle,62.56,55.52,7.04,83
Feraligatr,Electabuzz,64.41,57.4,7.01,60
Fearow,Skarmory,65.32,58.31,7.0,77
Flareon,Vibrava,58.43,51.44,7.0,64
Skarmory,Persian,58.46,51.47,6.99,69
Fearow,Marowak,63.93,56.95,6.99,84
Blastoise,Natu,62.65,55.66,6.99,83
Charizard,Girafarig,63.13,56.14,6.99,69
Scyther,Electrode,63.31,56.33,6.98,67
Typhlosion,Persian,61.23,54.26,6.97,72
Starmie,Slaking,58.86,51.9,6.96,77
Flygon,Donphan,65.86,58.9,6.96,76
Noctowl,Snorlax,60.35,53.39,6.96,73
Typhlosion,Marowak,61.64,54.67,6.96,67
Charizard,Lileep,62.5,55.55,6.95,65
Blastoise,Lileep,62.63,55.7,6.93,75
Feraligatr,Flaaffy,62.32,55.4,6.92,72
Typhlosion,Ninetales,61.1,54.19,6.91,73
Fearow,Exeggutor,62.93,56.03,6.9,60
Rapidash,Typhlosion,66.7,59.8,6.9,81
Manectric,Graveler,59.01,52.12,6.89,70
Noctowl,Raichu,61.77,54.88,6.89,82
Feraligatr,Blaziken,58.42,51.54,6.88,58
Rapidash,Golem,62.35,55.47,6.88,80
Raichu,Flareon,60.87,54.0,6.87,69
Sceptile,Voltorb,58.23,51.36,6.87,61
Manectric,Persian,61.07,54.2,6.87,65
Flygon,Cacturne,60.08,53.22,6.86,66
Flaaffy,Azumarill,58.56,51.7,6.86,65
Blastoise,Azumarill,65.67,58.81,6.86,80
Rapidash,Flaaffy,63.12,56.25,6.86,69
Sceptile,Steelix,62.65,55.8,6.85,74
Blastoise,Golduck,63.01,56.17,6.84,72
Donphan,Noctowl,63.4,56.55,6.84,79
Scyther,Camerupt,60.4,53.56,6.83,49
Gyarados,Ninetales,65.6,58.77,6.83,60
Sceptile,Exeggutor,62.14,55.33,6.81,65
Blastoise,Noctowl,67.36,60.56,6.8,84
Fearow,Electrike,61.17,54.38,6.79,61
Blastoise,Marill,59.95,53.16,6.79,82
Rapidash,Miltank,60.92,54.14,6.78,91
Charizard,Chansey,59.99,53.2,6.78,58
Raichu,Mantine,56.74,49.98,6.76,79
Blastoise,Exeggcute,59.81,53.06,6.75,74
Scyther,Starmie,65.99,59.24,6.75,78
Charizard,Trapinch,59.99,53.25,6.74,58
Charizard,Slaking,62.84,56.12,6.73,61
Venusaur,Pupitar,64.71,58.02,6.7,71
Flygon,Pelipper,59.1,52.41,6.69,64
Fearow,Golem,63.45,56.77,6.69,57
Sceptile,Camerupt,60.61,53.92,6.69,85
Fearow,Vibrava,63.08,56.41,6.68,70
Sceptile,Geodude,58.81,52.12,6.68,69
Sceptile,Vigoroth,57.95,51.27,6.68,59
Charizard,Sandshrew,59.34,52.67,6.67,73
Rapidash,Electabuzz,64.93,58.25,6.67,78
Fearow,Vigoroth,58.63,51.97,6.66,59
Fearow,Slaking,61.64,54.98,6.66,63
Flygon,Azumarill,62.43,55.78,6.65,75
Electabuzz,Magmar,59.39,52.74,6.65,70
Flygon,Vaporeon,61.75,55.12,6.63,60
Sceptile,Blaziken,59.61,52.99,6.62,80
Blastoise,Exploud,64.52,57.9,6.62,69
Charizard,Swampert,61.38,54.76,6.62,66
Sceptile,Flygon,67.54,60.93,6.61,60
Blissey,Flaaffy,61.7,55.09,6.61,59
Charizard,Slugma,60.78,54.18,6.6,64
Blissey,Vibrava,60.55,53.95,6.6,66
Charizard,Golem,64.48,57.9,6.58,62
Fearow,Exeggcute,58.35,51.78,6.57,63
Xatu,Tentacruel,58.33,51.76,6.57,59
Scyther,Swampert,59.13,52.58,6.56,61
Typhlosion,Magcargo,59.51,52.96,6.55,65
Charizard,Flareon,66.08,59.53,6.55,71
Gyarados,Feraligatr,70.06,63.53,6.52,59
Feraligatr,Exploud,60.98,54.47,6.52,72
Flygon,Camerupt,59.39,52.87,6.52,63
Cradily,Magmar,58.33,51.83,6.5,61
Blastoise,Minun,60.86,54.36,6.5,72
Donphan,Crobat,60.36,53.88,6.49,59
Cradily,Electrode,59.14,52.65,6.49,68
Rapidash,Wartortle,57.84,51.36,6.49,64
Noctowl,Flaaffy,59.94,53.46,6.48,65
Xatu,Vibrava,59.21,52.74,6.47,84
Scyther,Slaking,60.4,53.93,6.47,63
Sceptile,Electrike,60.14,53.68,6.46,75
Feraligatr,Meganium,60.25,53.79,6.46,68
Scyther,Growlithe,60.38,53.94,6.45,78
Rapidash,Ponyta,59.65,53.2,6.45,78
Flygon,Loudred,58.89,52.44,6.45,63
Flygon,Xatu,64.4,57.97,6.44,61
Charizard,Golbat,60.67,54.23,6.44,61
Persian,Growlithe,54.57,48.14,6.43,66
Blastoise,Tentacruel,63.12,56.7,6.42,91
Starmie,Exploud,59.95,53.53,6.41,72
Feraligatr,Persian,60.78,54.38,6.4,70
Blastoise,Psyduck,58.67,52.27,6.39,80
Electabuzz,Cacturne,57.53,51.14,6.39,79
Scyther,Azumarill,62.86,56.48,6.38,69
Flygon,Magcargo,59.86,53.48,6.37,58
Scyther,Vibrava,61.73,55.36,6.37,79
Feraligatr,Sandslash,60.46,54.1,6.36,67
Xatu,Cradily,61.34,54.98,6.36,66
Sceptile,Azumarill,63.19,56.83,6.36,81
Blastoise,Trapinch,59.75,53.4,6.35,84
Flygon,Swampert,58.23,51.88,6.35,68
Blissey,Starmie,64.19,57.84,6.35,69
Noctowl,Electrode,59.64,53.29,6.35,78
Typhlosion,Slowbro,60.85,54.52,6.34,85
Feraligatr,Sunflora,56.96,50.62,6.34,68
Sceptile,Meganium,61.58,55.24,6.33,59
Fearow,Cacturne,61.29,54.97,6.32,67
Starmie,Magmar,59.8,53.48,6.32,74
Blastoise,Crobat,64.21,57.88,6.32,67
Rapidash,Magnemite,60.43,54.11,6.32,63
Blastoise,Miltank,63.02,56.72,6.31,59
Blissey,Electrode,61.22,54.92,6.29,71
Skarmory,Ninetales,57.69,51.4,6.29,82
Fearow,Spearow,60.79,54.5,6.29,65
Feraligatr,Natu,58.49,52.23,6.27,73
Starmie,Noctowl,62.45,56.2,6.25,65
Charizard,Plusle,60.56,54.34,6.22,65
Donphan,Tentacruel,58.91,52.7,6.21,63
Sceptile,Staryu,60.34,54.13,6.21,70
Blissey,Golduck,58.64,52.43,6.21,61
Feraligatr,Magmar,60.61,54.41,6.2,68
Charizard,Cacturne,62.3,56.1,6.2,65
Fearow,Magcargo,61.42,55.23,6.19,68
Fearow,Sandslash,62.44,56.25,6.19,72
Feraligatr,Dugtrio,60.4,54.23,6.17,52
Starmie,Vibrava,59.5,53.33,6.17,85
Starmie,Skarmory,61.4,55.23,6.17,94
Blastoise,Golbat,60.55,54.38,6.17,65
Azumarill,Sandslash,56.57,50.41,6.16,66
Scyther,Raichu,64.08,57.92,6.16,66
Scyther,Staryu,59.94,53.78,6.16,68
Blastoise,Magcargo,62.68,56.52,6.16,78
Xatu,Persian,59.03,52.87,6.16,72
Blissey,Meganium,59.63,53.48,6.15,81
Charizard,Staryu,62.12,55.97,6.15,68
Blastoise,Dugtrio,63.81,57.66,6.14,72
Flygon,Pupitar,58.39,52.26,6.13,70
Starmie,Electabuzz,62.58,56.47,6.11,64
Electabuzz,Cradily,60.92,54.82,6.1,70
Charizard,Onix,59.12,53.02,6.1,80
Charizard,Golduck,62.12,56.02,6.1,71
Xatu,Flareon,60.83,54.74,6.09,69
Fearow,Ponyta,60.58,54.49,6.09,68
Charizard,Pidgeotto,61.46,55.38,6.09,75
Fearow,Geodude,58.9,52.82,6.08,79
Blastoise,Quilava,59.65,53.57,6.08,75
Typhlosion,Azumarill,61.33,55.25,6.08,61
Flygon,Staryu,59.17,53.09,6.08,72
Feraligatr,Magcargo,59.16,53.08,6.08,76
Fearow,Crobat,62.68,56.6,6.08,72
Blissey,Loudred,57.81,51.73,6.08,63
Jolteon,Natu,56.12,50.05,6.07,57
Flygon,Magmar,60.89,54.82,6.07,58
Skarmory,Snorlax,58.5,52.43,6.07,77
Jolteon,Cradily,60.38,54.31,6.07,58
Scyther,Sunflora,57.77,51.73,6.05,81
Starmie,Steelix,59.46,53.41,6.05,79
Jolteon,Marowak,58.65,52.62,6.04,65
Starmie,Sunflora,55.72,49.7,6.03,60
Scyther,Exeggutor,61.01,54.98,6.03,81
Donphan,Porygon2,61.36,55.33,6.03,88
Typhlosion,Electrode,61.14,55.11,6.03,64
Flaaffy,Crobat,56.79,50.78,6.01,75
Starmie,Raichu,61.88,55.89,6.0,72
Rapidash,Exploud,61.31,55.32,5.99,59
Feraligatr,Vibrava,60.25,54.25,5.99,86
Magneton,Magnemite,54.2,48.22,5.98,71
Manectric,Tentacruel,59.06,53.09,5.97,72
Manectric,Exeggutor,59.66,53.7,5.96,77
Sceptile,Grovyle,58.8,52.84,5.95,73
Scyther,Miltank,60.33,54.38,5.95,79
Typhlosion,Sandslash,59.92,53.98,5.94,71
Noctowl,Cradily,60.49,54.55,5.94,78
Fearow,Loudred,60.13,54.19,5.94,71
Jolteon,Flareon,60.0,54.07,5.93,55
Scyther,Geodude,57.7,51.77,5.93,58
Scyther,Magcargo,60.11,54.18,5.93,58
Jolteon,Magcargo,56.82,50.9,5.92,51
Flygon,Crobat,60.76,54.86,5.91,71
Manectric,Mantine,57.97,52.06,5.91,59
Flygon,Flareon,62.56,56.66,5.91,66
Scyther,Wartortle,57.51,51.6,5.91,78
Manectric,Flareon,61.96,56.07,5.89,54
Manectric,Golem,60.32,54.44,5.89,62
Electabuzz,Sandslash,58.32,52.43,5.89,72
Rapidash,Pidgeotto,58.84,52.95,5.89,56
Sceptile,Dugtrio,61.57,55.69,5.89,62
Blastoise,Onix,59.05,53.17,5.88,64
Rapidash,Raichu,63.55,57.67,5.88,64
Typhlosion,Noctowl,62.89,57.01,5.88,67
Typhlosion,Crobat,60.21,54.33,5.88,74
Electabuzz,Jolteon,61.09,55.22,5.87,60
Fearow,Magneton,62.05,56.19,5.86,73
Raichu,Magcargo,56.68,50.83,5.85,74
Flygon,Tentacruel,59.52,53.67,5.84,68
Blissey,Dugtrio,59.76,53.92,5.84,65
Raichu,Cacturne,56.4,50.56,5.84,68
Noctowl,Marowak,58.68,52.86,5.82,85
Fearow,Girafarig,60.8,55.01,5.79,57
Typhlosion,Flareon,61.92,56.13,5.79,65
Charizard,Grovyle,60.46,54.67,5.79,72
Xatu,Magmar,58.69,52.91,5.78,79
Manectric,Sandslash,59.69,53.92,5.77,78
Feraligatr,Steelix,60.11,54.34,5.77,80
Blastoise,Ponyta,61.54,55.78,5.76,69
Feraligatr,Vaporeon,60.45,54.71,5.74,72
Noctowl,Azumarill,59.17,53.44,5.74,61
Feraligatr,Cacturne,58.55,52.81,5.74,56
Slowbro,Crobat,55.74,50.02,5.73,68
Sceptile,Golem,61.78,56.07,5.71,90
Scyther,Electrike,59.03,53.33,5.7,75
Starmie,Magnemite,58.01,52.33,5.69,68
Scyther,Ivysaur,57.24,51.55,5.69,69
Electabuzz,Vaporeon,58.73,53.04,5.69,64
Sceptile,Miltank,60.42,54.73,5.68,73
Cradily,Ninetales,57.4,51.72,5.68,68
Rapidash,Sunflora,57.16,51.48,5.68,55
Noctowl,Golem,58.34,52.67,5.66,61
Jolteon,Graveler,55.78,50.12,5.65,73
Flygon,Psyduck,54.89,49.25,5.65,65
Venusaur,Lileep,64.06,58.42,5.64,51
Blastoise,Plusle,60.13,54.49,5.64,77
Sceptile,Marowak,61.89,56.25,5.64,63
Rapidash,Smeargle,58.39,52.75,5.63,81
Starmie,Growlithe,57.52,51.91,5.62,74
Scyther,Ninetales,61.02,55.41,5.61,62
Starmie,Plusle,55.73,50.12,5.6,79
Blissey,Slaking,58.12,52.53,5.6,65
Sceptile,Ivysaur,57.5,51.91,5.6,67
Electabuzz,Pelipper,55.92,50.33,5.58,66
Manectric,Spearow,57.75,52.17,5.57,69
Feraligatr,Growlithe,58.39,52.84,5.56,75
Blastoise,Vigoroth,58.81,53.25,5.55,86
Cradily,Skarmory,59.12,53.58,5.54,81
Starmie,Meganium,58.4,52.86,5.54,74
Manectric,Chansey,55.28,49.74,5.54,73
Donphan,Skarmory,61.13,55.59,5.54,59
Scyther,Natu,58.85,53.33,5.52,72
Manectric,Onix,55.07,49.55,5.52,64
Blastoise,Grovyle,60.34,54.83,5.52,81
Snorlax,Golem,56.4,50.88,5.52,83
Xatu,Exploud,58.46,52.95,5.51,65
Scyther,Meganium,60.4,54.89,5.51,76
Feraligatr,Miltank,58.78,53.28,5.5,80
Xatu,Flaaffy,59.39,53.89,5.5,65
Feraligatr,Magneton,59.53,54.03,5.49,81
Sceptile,Pelipper,58.95,53.46,5.49,55
Raichu,Azumarill,58.6,53.12,5.48,75
Fearow,Plusle,58.69,53.2,5.48,65
Xatu,Camerupt,56.42,50.95,5.47,71
Flareon,Porygon2,58.56,53.09,5.47,62
Vaporeon,Vibrava,55.36,49.89,5.46,68
Scyther,Slowbro,61.19,55.73,5.46,80
Flygon,Flaaffy,61.27,55.8,5.46,67
Sceptile,Vibrava,61.16,55.71,5.45,74
Rapidash,Flareon,62.56,57.11,5.45,71
Starmie,Marowak,59.31,53.87,5.45,67
Starmie,Azumarill,59.87,54.45,5.42,69
Charizard,Charmeleon,59.49,54.06,5.42,65
Flygon,Slugma,56.71,51.3,5.41,63
Electrode,Steelix,55.91,50.5,5.41,61
Cradily,Snorlax,58.17,52.75,5.41,59
Blastoise,Wartortle,59.34,53.94,5.41,76
Typhlosion,Magmar,59.7,54.3,5.41,62
Flareon,Exploud,57.04,51.64,5.4,77
Scyther,Graveler,58.78,53.41,5.38,73
Blissey,Ninetales,59.38,54.0,5.38,68
Xatu,Ninetales,58.17,52.8,5.38,76
Blissey,Pelipper,57.07,51.7,5.37,77
Manectric,Ponyta,57.54,52.16,5.37,73
Electabuzz,Vibrava,57.95,52.58,5.37,75
Sceptile,Slowbro,61.46,56.09,5.37,77
Flareon,Steelix,56.88,51.52,5.36,66
Charizard,Sunflora,59.26,53.91,5.35,69
Jolteon,Vaporeon,57.88,52.53,5.35,58
Donphan,Camerupt,57.23,51.89,5.34,56
Flygon,Exploud,60.21,54.87,5.34,71
Manectric,Staryu,57.84,52.5,5.34,77
Flygon,Slowbro,60.37,55.04,5.33,63
Blissey,Exploud,59.48,54.16,5.32,64
Rapidash,Magneton,60.21,54.89,5.32,67
Feraligatr,Ponyta,57.66,52.34,5.31,80
Electabuzz,Dugtrio,57.86,52.56,5.3,60
Feraligatr,Loudred,57.33,52.03,5.3,63
Flareon,Meganium,56.26,50.97,5.29,64
Feraligatr,Sandshrew,54.66,49.39,5.28,65
Noctowl,Miltank,56.61,51.34,5.27,64
Manectric,Azumarill,60.46,55.2,5.27,70
Gyarados,Growlithe,62.57,57.3,5.27,68
Blissey,Electrike,57.18,51.92,5.26,57
Manectric,Dugtrio,59.31,54.05,5.26,58
Raichu,Vaporeon,57.7,52.45,5.24,81
Manectric,Magneton,59.09,53.86,5.24,77
Electabuzz,Crobat,58.01,52.78,5.23,56
Feraligatr,Ninetales,59.54,54.3,5.23,66
Flygon,Golbat,56.58,51.35,5.23,58
Donphan,Vaporeon,59.36,54.14,5.22,56
Donphan,Croconaw,55.1,49.89,5.21,70
Raichu,Cradily,59.44,54.23,5.21,67
Blissey,Minun,55.82,50.62,5.2,86
Jolteon,Exploud,57.47,52.28,5.19,76
Sceptile,Plusle,57.7,52.51,5.19,72
Sceptile,Smeargle,58.55,53.35,5.19,69
Scyther,Vigoroth,56.11,50.92,5.19,68
Porygon2,Azumarill,57.39,52.21,5.18,52
Sceptile,Sandslash,60.74,55.55,5.18,59
Flygon,Ponyta,57.93,52.75,5.18,71
Noctowl,Flareon,59.48,54.31,5.17,60
Flygon,Golem,60.19,55.02,5.17,49
Skarmory,Slowbro,56.9,51.73,5.17,60
Gyarados,Charizard,71.99,66.82,5.17,72
Xatu,Sandslash,57.76,52.59,5.17,74
Noctowl,Vaporeon,57.94,52.77,5.17,71
Manectric,Starmie,63.12,57.96,5.16,67
Flaaffy,Sandslash,55.59,50.43,5.16,60
Jolteon,Skarmory,59.15,53.98,5.16,63
Blissey,Tentacruel,58.11,52.97,5.15,75
Noctowl,Magneton,57.25,52.09,5.15,68
Feraligatr,Crobat,59.6,54.45,5.15,63
Flygon,Gloom,57.36,52.22,5.14,76
Fearow,Gloom,59.1,53.97,5.14,59
Rapidash,Tentacruel,59.26,54.12,5.13,86
Charizard,Voltorb,58.32,53.2,5.13,73
Blissey,Grovyle,56.2,51.09,5.12,68
Noctowl,Sandslash,57.27,52.16,5.11,80
Blissey,Camerupt,57.24,52.16,5.08,74
Cradily,Exeggutor,56.37,51.3,5.07,85
Fearow,Grovyle,58.61,53.54,5.07,65
Typhlosion,Exeggutor,58.83,53.76,5.07,68
Flareon,Snorlax,57.58,52.52,5.06,68
Xatu,Azumarill,58.91,53.86,5.05,61
Raichu,Vibrava,57.05,52.0,5.05,70
Noctowl,Growlithe,55.95,50.89,5.05,79
Sceptile,Natu,58.72,53.68,5.04,65
Scyther,Crobat,60.56,55.55,5.01,70
Manectric,Croconaw,55.28,50.29,4.99,62
Flygon,Golduck,58.11,53.14,4.97,59
Manectric,Slowbro,59.42,54.45,4.97,62
Sceptile,Mantine,58.65,53.69,4.95,71
Loudred,Pupitar,49.77,44.82,4.95,58
Porygon2,Flaaffy,57.19,52.23,4.95,67
Sceptile,Quilava,56.53,51.59,4.94,81
Cradily,Slowbro,57.0,52.05,4.94,77
Manectric,Ivysaur,55.2,50.27,4.93,55
Feraligatr,Pelipper,56.93,52.0,4.93,73
Rapidash,Marowak,60.57,55.65,4.92,67
Skarmory,Dugtrio,56.24,51.33,4.92,76
Exploud,Pupitar,52.17,47.25,4.92,74
Xatu,Slowbro,58.03,53.12,4.91,80
Raichu,Gloom,54.46,49.56,4.9,73
Charizard,Croconaw,58.65,53.75,4.89,80
Charizard,Exeggcute,57.79,52.91,4.87,67
Starmie,Mantine,56.18,51.31,4.87,80
Flareon,Vaporeon,56.75,51.89,4.86,73
Electrode,Marowak,55.81,50.95,4.86,74
Marowak,Crobat,55.01,50.17,4.84,75
Manectric,Swampert,56.14,51.3,4.84,78
Donphan,Golduck,57.0,52.16,4.84,63
Flygon,Vigoroth,55.06,50.23,4.83,62
Rapidash,Minun,56.61,51.78,4.83,76
Charizard,Hoothoot,56.68,51.86,4.82,73
Sceptile,Swampert,57.75,52.93,4.82,73
Electabuzz,Flareon,59.39,54.58,4.81,65
Sceptile,Minun,57.18,52.38,4.8,59
Typhlosion,Loudred,56.71,51.91,4.79,66
Electrode,Vaporeon,55.66,50.87,4.79,64
Typhlosion,Ivysaur,55.11,50.33,4.78,82
Rapidash,Sandshrew,55.01,50.24,4.77,68
Feraligatr,Minun,55.69,50.92,4.76,70
Fearow,Blaziken,58.44,53.69,4.75,75
Blissey,Sandslash,58.55,53.8,4.75,76
Starmie,Pelipper,55.81,51.08,4.74,70
Skarmory,Flaaffy,57.23,52.49,4.74,66
Vaporeon,Golem,54.98,50.25,4.73,82
Scyther,Skarmory,62.0,57.27,4.73,69
Cradily,Vibrava,56.4,51.67,4.72,74
Sceptile,Slaking,58.99,54.28,4.71,53
Azumarill,Snorlax,56.35,51.64,4.71,68
Cradily,Magneton,56.16,51.45,4.7,82
Donphan,Vibrava,58.38,53.68,4.7,70
Electabuzz,Slaking,55.85,51.16,4.69,68
Scyther,Trapinch,55.76,51.06,4.69,72
Sceptile,Sunflora,56.77,52.08,4.69,63
Scyther,Golduck,58.52,53.84,4.68,75
Porygon2,Persian,55.87,51.22,4.66,67
Scyther,Croconaw,56.22,51.57,4.65,70
Donphan,Slugma,54.97,50.32,4.65,60
Sceptile,Loudred,58.14,53.49,4.65,73
Feraligatr,Golem,59.25,54.61,4.64,69
Flygon,Minun,55.96,51.33,4.63,71
Cradily,Flaaffy,57.44,52.82,4.62,65
Sceptile,Gloom,57.88,53.27,4.61,85
Sceptile,Crobat,60.5,55.91,4.6,74
Starmie,Vaporeon,58.37,53.78,4.59,71
Feraligatr,Magnemite,57.85,53.25,4.59,66
Raichu,Spearow,54.68,50.1,4.58,87
Feraligatr,Slaking,57.4,52.83,4.57,62
Manectric,Exploud,58.84,54.28,4.56,58
Rapidash,Magcargo,58.49,53.94,4.56,65
Sceptile,Slugma,56.9,52.35,4.55,67
Skarmory,Sandslash,55.74,51.2,4.55,79
Donphan,Sandslash,58.07,53.53,4.55,67
Electrode,Sandslash,54.8,50.26,4.54,72
Charizard,Marill,57.54,53.0,4.53,69
Skarmory,Magmar,56.03,51.51,4.52,65
Typhlosion,Vibrava,58.66,54.13,4.52,70
Noctowl,Persian,56.96,52.44,4.52,62
Typhlosion,Charmeleon,55.17,50.66,4.51,78
Typhlosion,Graveler,56.7,52.19,4.51,71
Sceptile,Spearow,58.32,53.81,4.51,76
Vaporeon,Persian,54.52,50.02,4.5,66
Xatu,Exeggutor,56.87,52.37,4.5,96
Sceptile,Charmeleon,56.74,52.23,4.5,76
Flygon,Charmeleon,55.68,51.19,4.49,58
Starmie,Gloom,55.37,50.89,4.48,65
Flareon,Electrode,56.89,52.41,4.48,66
Sceptile,Chansey,55.84,51.38,4.46,70
Blastoise,Chansey,57.79,53.36,4.44,70
Cradily,Chansey,51.77,47.34,4.43,72
Flaaffy,Vaporeon,55.47,51.04,4.43,69
Rapidash,Swampert,56.75,52.33,4.42,70
Flareon,Magnemite,54.85,50.44,4.42,77
Noctowl,Magnemite,55.72,51.31,4.41,61
Scyther,Exeggcute,55.13,50.73,4.4,83
Donphan,Gloom,55.64,51.24,4.4,74
Flaaffy,Electrode,55.95,51.56,4.39,53
Blissey,Cradily,60.57,56.19,4.39,75
Fearow,Charmeleon,57.31,52.93,4.38,76
Jolteon,Snorlax,57.54,53.16,4.38,66
Flygon,Chansey,54.7,50.33,4.37,62
Typhlosion,Raichu,61.06,56.7,4.37,80
Flygon,Cradily,61.26,56.89,4.36,59
Porygon2,Ninetales,55.5,51.14,4.36,60
Typhlosion,Girafarig,57.09,52.74,4.35,97
Electabuzz,Steelix,57.01,52.67,4.34,62
Feraligatr,Cradily,60.83,56.49,4.34,59
Noctowl,Chansey,52.31,47.98,4.33,72
Electabuzz,Porygon2,58.56,54.23,4.33,74
Electabuzz,Marowak,57.43,53.12,4.31,67
Sceptile,Tentacruel,59.03,54.72,4.31,75
Azumarill,Smeargle,52.51,48.2,4.3,73
Crobat,Pupitar,51.54,47.23,4.3,67
Flygon,Meganium,58.49,54.2,4.29,68
Typhlosion,Mantine,56.4,52.12,4.28,72
Feraligatr,Staryu,56.96,52.68,4.27,80
Flareon,Persian,55.82,51.56,4.26,83
Flareon,Lileep,53.7,49.45,4.25,77
Xatu,Electrode,57.96,53.72,4.24,72
Manectric,Vibrava,58.29,54.08,4.22,68
Flareon,Marowak,56.19,51.98,4.21,79
Charizard,Ivysaur,57.94,53.73,4.2,65
Rapidash,Marill,54.78,50.58,4.2,67
Flygon,Magnemite,57.85,53.66,4.19,85
Scyther,Noctowl,62.41,58.23,4.18,74
Scyther,Cubone,55.26,51.08,4.18,67
Typhlosion,Smeargle,55.96,51.78,4.18,83
Scyther,Magneton,59.31,55.14,4.17,82
Typhlosion,Marill,53.76,49.6,4.16,78
Starmie,Dugtrio,57.46,53.3,4.16,67
Manectric,Golbat,54.92,50.77,4.16,59
Jolteon,Raichu,58.76,54.64,4.13,73
Sceptile,Croconaw,56.05,51.92,4.12,82
Starmie,Golem,57.8,53.69,4.11,66
Manectric,Lileep,56.19,52.09,4.11,73
Sceptile,Marill,55.28,51.17,4.1,70
Snorlax,Magneton,54.4,50.3,4.1,65
Charizard,Psyduck,56.22,52.12,4.09,61
Jolteon,Magmar,56.31,52.23,4.08,70
Typhlosion,Camerupt,56.43,52.34,4.08,58
Jolteon,Pelipper,53.91,49.83,4.08,72
Sceptile,Graveler,57.83,53.76,4.07,67
Noctowl,Magcargo,55.21,51.14,4.07,61
Jolteon,Golem,56.5,52.44,4.07,79
Xatu,Meganium,56.35,52.28,4.07,62
Blissey,Cubone,53.74,49.67,4.07,67
Cradily,Persian,55.87,51.8,4.07,67
Flygon,Voltorb,54.38,50.31,4.07,71
Jolteon,Azumarill,57.26,53.2,4.06,76
Flygon,Croconaw,54.92,50.88,4.05,58
Exploud,Persian,53.82,49.77,4.04,52
Fearow,Chansey,56.11,52.07,4.04,76
Fearow,Croconaw,56.65,52.62,4.03,66
Jolteon,Growlithe,54.69,50.66,4.03,72
Vibrava,Smeargle,51.11,47.08,4.02,75
Jolteon,Magneton,55.88,51.86,4.02,63
Manectric,Sunflora,54.45,50.45,4.01,67
Donphan,Electrode,58.66,54.66,4.01,57
Crobat,Dugtrio,53.62,49.61,4.01,72
Noctowl,Graveler,54.38,50.36,4.01,77
Rapidash,Graveler,57.15,53.16,3.99,72
Manectric,Magmar,58.23,54.23,3.99,69
Manectric,Magnemite,57.06,53.08,3.99,63
Xatu,Miltank,55.76,51.77,3.99,61
Cradily,Electrike,53.63,49.64,3.98,51
Jolteon,Slowbro,56.43,52.45,3.97,78
Golem,Magneton,53.55,49.58,3.97,85
Fearow,Pelipper,58.12,54.16,3.96,66
Fearow,Quilava,56.25,52.28,3.96,65
Blissey,Magcargo,56.73,52.78,3.96,64
Donphan,Pidgeotto,55.47,51.52,3.95,58
Feraligatr,Cubone,53.92,49.98,3.94,47
Skarmory,Camerupt,53.5,49.56,3.94,84
Manectric,Girafarig,56.62,52.68,3.94,52
Typhlosion,Spearow,56.18,52.23,3.94,56
Raichu,Electrode,56.91,52.98,3.93,64
Steelix,Ninetales,53.5,49.58,3.92,57
Blissey,Staryu,56.3,52.38,3.92,70
Scyther,Onix,54.75,50.84,3.91,70
Typhlosion,Lileep,56.06,52.14,3.91,69
Raichu,Magmar,56.07,52.16,3.91,75
Flygon,Girafarig,57.18,53.27,3.91,65
Starmie,Chansey,52.9,48.99,3.91,67
Scyther,Grovyle,56.39,52.49,3.9,72
Flareon,Tentacruel,54.35,50.45,3.9,68
Cradily,Exploud,55.78,51.88,3.89,73
Typhlosion,Cacturne,56.58,52.7,3.89,71
Noctowl,Skarmory,58.11,54.22,3.89,88
Feraligatr,Trapinch,53.85,49.97,3.88,86
Rapidash,Girafarig,57.6,53.72,3.88,64
Cradily,Staryu,53.96,50.1,3.86,74
Starmie,Cubone,52.91,49.05,3.86,75
Manectric,Steelix,58.02,54.16,3.86,84
Feraligatr,Slugma,54.74,50.89,3.85,78
Typhlosion,Exploud,58.2,54.34,3.85,71
Porygon2,Miltank,53.96,50.12,3.84,60
Scyther,Sandshrew,54.33,50.48,3.84,91
Flygon,Quilava,54.37,50.54,3.83,58
Starmie,Golduck,55.63,51.8,3.83,74
Noctowl,Blaziken,53.42,49.6,3.82,77
Typhlosion,Magneton,57.71,53.91,3.8,88
Flygon,Marowak,58.99,55.2,3.79,70
Feraligatr,Grovyle,55.16,51.39,3.77,81
Starmie,Flaaffy,58.24,54.47,3.77,75
Blissey,Marowak,58.26,54.49,3.77,56
Typhlosion,Ponyta,55.99,52.22,3.76,82
Blissey,Ponyta,55.79,52.04,3.75,79
Donphan,Quilava,53.31,49.56,3.75,63
Cradily,Vaporeon,55.86,52.13,3.73,88
Vaporeon,Magneton,53.39,49.67,3.72,74
Exeggutor,Magnemite,51.79,48.06,3.72,71
Scyther,Chansey,54.74,51.02,3.72,65
Starmie,Exeggutor,56.66,52.95,3.71,70
Magmar,Magnemite,52.31,48.6,3.71,63
Blissey,Persian,57.78,54.08,3.7,65
Blissey,Vaporeon,58.11,54.41,3.7,76
Xatu,Vaporeon,56.88,53.2,3.68,63
Flareon,Azumarill,56.22,52.55,3.67,68
Starmie,Girafarig,55.58,51.93,3.65,78
Feraligatr,Electrike,55.87,52.23,3.65,76
Manectric,Magcargo,56.54,52.9,3.64,77
Sceptile,Cacturne,57.91,54.27,3.64,77
Cradily,Flareon,57.3,53.67,3.63,80
Flygon,Persian,58.41,54.78,3.62,64
Skarmory,Azumarill,56.09,52.47,3.62,66
Donphan,Cradily,59.54,55.91,3.62,78
Blissey,Natu,55.53,51.92,3.61,75
Jolteon,Vibrava,55.68,52.08,3.61,75
Noctowl,Camerupt,54.12,50.52,3.6,61
Starmie,Quilava,52.8,49.2,3.59,76
Flygon,Marill,53.7,50.12,3.58,68
Noctowl,Minun,52.56,48.98,3.58,61
Azumarill,Electrode,55.11,51.53,3.57,76
Manectric,Smeargle,55.29,51.72,3.57,65
Electabuzz,Ninetales,56.2,52.63,3.56,59
Fearow,Natu,57.94,54.38,3.56,76
Rapidash,Geodude,55.09,51.53,3.56,67
Scyther,Pupitar,56.52,52.95,3.56,79
Flygon,Grovyle,55.34,51.8,3.55,61
Typhlosion,Onix,53.16,49.61,3.55,75
Raichu,Swampert,52.77,49.22,3.55,61
Skarmory,Smeargle,52.54,48.99,3.55,68
Donphan,Golbat,53.91,50.37,3.54,58
Dugtrio,Magneton,52.74,49.2,3.54,74
Xatu,Golduck,54.76,51.22,3.54,71
Electabuzz,Magneton,55.88,52.36,3.52,75
Fearow,Slugma,56.56,53.05,3.52,72
Skarmory,Magneton,54.65,51.13,3.52,83
Donphan,Vigoroth,52.76,49.25,3.51,83
Xatu,Quilava,52.14,48.62,3.51,65
Marowak,Persian,53.6,50.11,3.5,68
Electrode,Vibrava,53.92,50.41,3.5,81
Typhlosion,Gloom,55.19,51.7,3.5,63
Manectric,Cacturne,56.12,52.64,3.49,74
Feraligatr,Mantine,55.72,52.24,3.48,79
Porygon2,Vaporeon,55.03,51.55,3.48,67
Fearow,Psyduck,54.47,50.99,3.48,72
Fearow,Ivysaur,56.07,52.6,3.47,67
Starmie,Magcargo,55.62,52.15,3.47,67
Raichu,Natu,53.43,49.97,3.46,71
Flygon,Smeargle,55.77,52.3,3.46,61
Feraligatr,Marowak,58.25,54.8,3.45,73
Feraligatr,Lileep,55.7,52.27,3.44,68
Jolteon,Steelix,55.58,52.16,3.42,76
Manectric,Raichu,60.05,56.64,3.42,64
Cradily,Meganium,54.61,51.21,3.4,69
Skarmory,Spearow,52.85,49.45,3.4,64
Fearow,Mantine,57.79,54.39,3.4,58
Crobat,Exeggutor,52.65,49.26,3.39,75
Slowbro,Magneton,52.99,49.6,3.39,72
Vaporeon,Slowbro,53.66,50.28,3.38,62
Ninetales,Miltank,51.87,48.52,3.36,62
Blissey,Swampert,54.52,51.17,3.35,78
Xatu,Cacturne,54.66,51.3,3.35,59
Typhlosion,Miltank,56.51,53.16,3.35,89
Skarmory,Ponyta,52.79,49.44,3.35,77
Azumarill,Slowbro,54.29,50.94,3.35,70
Xatu,Marowak,56.63,53.28,3.35,67
Crobat,Persian,53.1,49.76,3.34,69
Fearow,Lileep,57.75,54.41,3.34,54
Jolteon,Dugtrio,55.38,52.05,3.33,65
Manectric,Flaaffy,58.55,55.22,3.33,83
Marowak,Exploud,53.51,50.19,3.32,72
Donphan,Pelipper,54.75,51.43,3.32,61
Sceptile,Cubone,54.75,51.43,3.32,64
Porygon2,Crobat,54.6,51.28,3.31,67
Electabuzz,Azumarill,57.01,53.7,3.31,59
Porygon2,Slowbro,54.77,51.47,3.3,56
Typhlosion,Blaziken,54.72,51.42,3.3,73
Magmar,Girafarig,51.5,48.2,3.3,67
Xatu,Noctowl,58.92,55.62,3.3,76
Scyther,Blaziken,55.9,52.64,3.26,61
Electabuzz,Pidgeotto,53.68,50.42,3.26,70
Manectric,Natu,55.3,52.05,3.26,67
Blissey,Onix,52.69,49.43,3.26,59
Xatu,Crobat,56.19,52.94,3.25,79
Skarmory,Graveler,52.64,49.4,3.24,73
Flygon,Hoothoot,52.22,48.98,3.24,59
Cradily,Magnemite,53.92,50.67,3.24,73
Flygon,Mantine,55.88,52.64,3.24,72
Golem,Magcargo,51.86,48.62,3.24,60
Noctowl,Exeggutor,55.17,51.94,3.23,63
Magmar,Dugtrio,52.8,49.58,3.23,63
Typhlosion,Quilava,53.24,50.02,3.23,76
Scyther,Pidgeotto,56.42,53.19,3.23,60
Marowak,Spearow,51.31,48.08,3.23,67
Rapidash,Quilava,54.22,50.99,3.23,76
Flareon,Magcargo,53.48,50.26,3.22,59
Noctowl,Tentacruel,54.55,51.33,3.22,72
Raichu,Sandslash,55.05,51.84,3.21,60
Electrode,Cacturne,52.18,48.98,3.2,63
Electrode,Persian,53.74,50.54,3.2,73
Typhlosion,Swampert,54.56,51.36,3.2,62
Xatu,Skarmory,57.86,54.66,3.2,58
Azumarill,Ponyta,51.85,48.65,3.2,76
Donphan,Pupitar,54.47,51.28,3.19,82
Electabuzz,Mantine,53.76,50.57,3.19,77
Snorlax,Spearow,51.8,48.62,3.18,78
Exploud,Dugtrio,52.81,49.62,3.18,64
Noctowl,Pupitar,53.1,49.91,3.18,69
Manectric,Gloom,54.81,51.64,3.18,75
Noctowl,Exploud,55.7,52.52,3.18,70
Azumarill,Lileep,51.75,48.57,3.18,61
Fearow,Sunflora,55.96,52.77,3.18,86
Starmie,Snorlax,57.59,54.41,3.18,69
Rapidash,Camerupt,56.49,53.32,3.17,77
Xatu,Magnemite,54.92,51.74,3.17,81
Electabuzz,Spearow,53.84,50.69,3.16,57
Scyther,Plusle,55.29,52.16,3.14,68
Donphan,Grovyle,53.95,50.81,3.14,62
Donphan,Meganium,56.36,53.22,3.14,81
Snorlax,Magmar,53.81,50.68,3.13,69
Scyther,Spearow,56.59,53.45,3.13,68
Donphan,Voltorb,52.44,49.34,3.11,54
Azumarill,Girafarig,52.27,49.16,3.11,69
Typhlosion,Wartortle,53.49,50.38,3.11,76
Electabuzz,Exeggutor,55.31,52.21,3.1,85
Rapidash,Vibrava,58.21,55.11,3.1,68
Blastoise,Voltorb,56.43,53.34,3.09,66
Blissey,Slugma,53.68,50.59,3.09,64
Raichu,Steelix,55.16,52.09,3.08,70
Raichu,Tentacruel,54.08,51.02,3.06,68
Rapidash,Grovyle,55.31,52.25,3.06,71
Ninetales,Sandslash,52.39,49.34,3.06,70
Blissey,Ivysaur,53.19,50.14,3.05,76
Flygon,Sandslash,57.55,54.51,3.05,55
Vaporeon,Magnemite,51.94,48.89,3.05,57
Magnemite,Golduck,49.96,46.92,3.04,75
Starmie,Miltank,55.39,52.35,3.04,86
Cradily,Azumarill,55.83,52.8,3.03,81
Manectric,Loudred,54.89,51.86,3.03,70
Donphan,Plusle,53.51,50.48,3.03,66
Feraligatr,Spearow,55.38,52.36,3.02,88
Rapidash,Lileep,56.13,53.12,3.01,68
Rapidash,Golduck,56.6,53.59,3.01,72
Electabuzz,Charmeleon,52.12,49.11,3.01,70
Manectric,Pidgeotto,54.92,51.91,3.01,71
Cradily,Magcargo,53.48,50.5,2.98,66
Flygon,Ivysaur,53.83,50.86,2.98,60
Flaaffy,Mantine,51.54,48.57,2.97,67
Typhlosion,Tentacruel,56.11,53.15,2.96,63
Flareon,Skarmory,56.3,53.34,2.96,76
Sceptile,Girafarig,57.27,54.31,2.95,68
Steelix,Smeargle,50.11,47.17,2.94,64
Electrode,Pelipper,51.11,48.16,2.94,68
Azumarill,Magnemite,52.5,49.56,2.94,72
Electrike,Pelipper,48.1,45.16,2.94,71
Rapidash,Psyduck,52.63,49.7,2.93,55
Blissey,Blaziken,54.16,51.23,2.93,75
Starmie,Spearow,54.35,51.42,2.93,73
Skarmory,Vaporeon,54.73,51.8,2.93,76
Typhlosion,Golduck,55.53,52.61,2.92,78
Starmie,Graveler,54.3,51.38,2.92,54
Electabuzz,Wartortle,51.74,48.83,2.91,67
Cradily,Marowak,55.13,52.22,2.91,81
Flareon,Slowbro,54.72,51.81,2.9,64
Blissey,Charmeleon,53.37,50.48,2.89,72
Raichu,Marowak,55.43,52.54,2.89,71
Magcargo,Golduck,49.64,46.75,2.89,54
Fearow,Pidgeotto,57.12,54.24,2.88,63
Snorlax,Natu,51.38,48.49,2.88,72
Starmie,Electrike,54.17,51.3,2.88,65
Snorlax,Meganium,52.92,50.05,2.87,64
Donphan,Steelix,56.64,53.77,2.87,77
Rapidash,Pelipper,55.73,52.86,2.87,72
Electabuzz,Slowbro,55.83,52.97,2.87,81
Noctowl,Ivysaur,51.37,48.51,2.86,68
Blissey,Miltank,55.82,52.98,2.85,62
Scyther,Gloom,55.76,52.92,2.85,70
Fearow,Wartortle,55.49,52.65,2.84,67
Fearow,Swampert,56.46,53.62,2.84,73
Slowbro,Pupitar,50.26,47.42,2.84,70
Rapidash,Steelix,58.04,55.2,2.84,78
Slowbro,Ninetales,52.7,49.87,2.83,71
Electabuzz,Golduck,53.89,51.06,2.82,82
Xatu,Geodude,51.98,49.16,2.82,63
Magneton,Camerupt,50.24,47.43,2.81,78
Feraligatr,Golbat,53.76,50.95,2.81,78
Rapidash,Electrike,55.87,53.08,2.79,86
Raichu,Flaaffy,55.93,53.14,2.79,54
Blastoise,Hoothoot,54.79,52.01,2.78,66
Noctowl,Charmeleon,51.62,48.84,2.78,81
Electrode,Electrike,51.17,48.39,2.78,65
Electabuzz,Pupitar,52.97,50.19,2.78,75
Magneton,Exeggutor,51.62,48.84,2.77,72
Persian,Vibrava,52.34,49.56,2.77,81
Cradily,Spearow,52.54,49.77,2.76,73
Azumarill,Meganium,52.85,50.09,2.76,78
Donphan,Hoothoot,50.76,48.0,2.76,65
Noctowl,Meganium,54.6,51.85,2.75,55
Jolteon,Pidgeotto,52.65,49.91,2.74,61
Skarmory,Porygon2,55.74,53.0,2.74,73
Donphan,Magcargo,55.25,52.51,2.74,64
Vibrava,Dugtrio,52.15,49.41,2.73,84
Magmar,Persian,52.45,49.72,2.73,73
Donphan,Marill,51.87,49.14,2.73,75
Raichu,Geodude,51.14,48.42,2.73,69
Donphan,Lileep,54.41,51.69,2.72,63
Sceptile,Ponyta,56.52,53.8,2.72,76
Azumarill,Slaking,51.86,49.14,2.72,64
Donphan,Azumarill,57.52,54.8,2.72,55
Snorlax,Marowak,53.77,51.06,2.71,61
Plusle,Minun,45.62,42.91,2.71,71
Raichu,Blaziken,51.98,49.28,2.7,70
Electabuzz,Lileep,53.28,50.59,2.69,70
Electabuzz,Ponyta,53.36,50.67,2.68,67
Blissey,Graveler,54.68,52.0,2.68,72
Jolteon,Mantine,52.74,50.06,2.68,79
Dugtrio,Grovyle,49.22,46.55,2.67,61
Noctowl,Smeargle,52.63,49.96,2.67,75
Flaaffy,Slowbro,53.63,50.97,2.67,76
Donphan,Ninetales,56.39,53.73,2.66,65
Raichu,Pelipper,52.41,49.75,2.66,69
Cradily,Dugtrio,54.31,51.65,2.66,71
Blissey,Steelix,56.68,54.03,2.65,62
Electabuzz,Ivysaur,51.42,48.78,2.64,68
Persian,Sandslash,52.05,49.41,2.64,57
Rapidash,Vigoroth,53.31,50.67,2.63,64
Flygon,Blaziken,54.58,51.95,2.63,80
Cradily,Porygon2,55.96,53.33,2.63,67
Vaporeon,Magcargo,51.35,48.72,2.63,60
Skarmory,Vibrava,53.97,51.35,2.62,86
Donphan,Dugtrio,56.27,53.66,2.61,57
Sceptile,Lileep,56.33,53.72,2.61,72
Snorlax,Steelix,53.21,50.61,2.6,76
Raichu,Persian,54.71,52.12,2.59,80
Donphan,Electrike,54.24,51.65,2.59,47
Slowbro,Growlithe,50.98,48.4,2.58,70
Manectric,Jolteon,59.29,56.71,2.58,69
Typhlosion,Exeggcute,52.09,49.51,2.58,65
Crobat,Graveler,50.25,47.69,2.57,82
Donphan,Slowbro,56.62,54.06,2.56,58
Cradily,Sandslash,54.08,51.52,2.56,69
Starmie,Persian,56.01,53.45,2.56,54
Flaaffy,Persian,53.27,50.71,2.56,66
Flaaffy,Electrike,51.11,48.55,2.56,67
Xatu,Grovyle,52.43,49.88,2.55,62
Donphan,Psyduck,50.81,48.27,2.55,69
Fearow,Marill,54.42,51.87,2.55,63
Marowak,Slaking,51.1,48.56,2.55,55
Blissey,Plusle,53.29,50.75,2.54,72
Electabuzz,Magcargo,53.95,51.41,2.54,63
Donphan,Mantine,54.19,51.66,2.53,51
Feraligatr,Graveler,54.84,52.3,2.53,74
Flygon,Exeggutor,56.81,54.28,2.53,69
Vibrava,Magneton,51.75,49.22,2.53,81
Cradily,Slaking,52.78,50.25,2.53,61
Feraligatr,Pidgeotto,54.61,52.09,2.52,64
Starmie,Pupitar,53.45,50.92,2.52,81
Vaporeon,Magmar,52.57,50.05,2.52,70
Dugtrio,Lileep,49.94,47.42,2.52,51
Flygon,Dugtrio,57.15,54.64,2.52,63
Electabuzz,Grovyle,52.24,49.72,2.52,66
Manectric,Electrike,54.57,52.05,2.52,62
Marowak,Dugtrio,52.47,49.95,2.51,90
Vaporeon,Crobat,52.6,50.09,2.51,75
Jolteon,Golbat,51.27,48.77,2.51,84
Blissey,Cacturne,55.01,52.51,2.5,88
Manectric,Vigoroth,52.14,49.64,2.5,65
Typhlosion,Dugtrio,56.6,54.11,2.49,74
Flygon,Graveler,55.2,52.71,2.49,54
Electabuzz,Loudred,52.84,50.36,2.48,76
Flaaffy,Cacturne,51.61,49.14,2.47,58
Jolteon,Crobat,54.74,52.27,2.47,67
Slowbro,Dugtrio,52.26,49.8,2.47,58
Porygon2,Marowak,54.09,51.63,2.46,80
Cradily,Natu,52.09,49.64,2.45,65
Donphan,Exeggutor,55.76,53.3,2.45,59
Flaaffy,Blaziken,50.31,47.87,2.44,73
Porygon2,Electrike,51.5,49.06,2.44,68
Starmie,Crobat,55.95,53.52,2.43,78
Typhlosion,Electrike,54.54,52.11,2.43,48
Flygon,Miltank,56.12,53.69,2.43,71
Golem,Vigoroth,47.79,45.36,2.43,68
Jolteon,Exeggutor,54.12,51.7,2.42,93
Flaaffy,Steelix,53.09,50.67,2.42,70
Scyther,Marill,53.24,50.82,2.42,76
Rapidash,Growlithe,56.1,53.69,2.41,56
Raichu,Camerupt,52.62,50.21,2.41,58
Skarmory,Miltank,52.78,50.38,2.41,66
Jolteon,Lileep,52.48,50.09,2.4,74
Raichu,Vigoroth,49.96,47.56,2.39,67
Azumarill,Steelix,53.03,50.64,2.39,69
Typhlosion,Grovyle,53.65,51.27,2.38,86
Charizard,Pelipper,57.67,55.29,2.38,76
Cradily,Growlithe,52.63,50.25,2.37,76
Noctowl,Lileep,52.7,50.33,2.37,72
Blissey,Magmar,56.47,54.11,2.36,74
Rapidash,Golbat,54.16,51.8,2.36,74
Snorlax,Crobat,53.07,50.72,2.36,71
Flareon,Ponyta,51.88,49.52,2.35,74
Fearow,Cubone,54.47,52.12,2.35,71
Typhlosion,Slaking,55.05,52.71,2.34,57
Azumarill,Pelipper,50.65,48.31,2.34,77
Marowak,Miltank,51.34,49.01,2.33,72
Jolteon,Miltank,53.43,51.1,2.33,72
Snorlax,Slowbro,53.22,50.9,2.32,63
Typhlosion,Natu,54.42,52.11,2.32,68
Exeggutor,Tentacruel,50.4,48.08,2.32,62
Raichu,Exploud,54.52,52.21,2.31,77
Noctowl,Magmar,54.79,52.47,2.31,62
Noctowl,Electrike,52.59,50.28,2.31,60
Flaaffy,Exploud,53.09,50.8,2.3,60
Vaporeon,Smeargle,49.83,47.54,2.29,82
Scyther,Pelipper,55.4,53.11,2.29,67
Electrode,Exploud,52.91,50.62,2.28,71
Manectric,Golduck,54.83,52.55,2.28,81
Noctowl,Slaking,53.17,50.89,2.28,74
Crobat,Steelix,51.99,49.72,2.27,67
Porygon2,Meganium,52.89,50.62,2.27,73
Xatu,Electrike,52.98,50.72,2.27,72
Scyther,Slugma,54.25,52.0,2.26,99
Porygon2,Pelipper,51.09,48.84,2.25,57
Typhlosion,Geodude,52.8,50.55,2.25,74
Noctowl,Vibrava,54.56,52.31,2.25,65
Manectric,Geodude,52.74,50.49,2.25,67
Jolteon,Croconaw,50.54,48.29,2.25,73
Starmie,Geodude,51.98,49.74,2.24,71
Electabuzz,Golbat,51.51,49.27,2.24,71
Starmie,Minun,52.23,50.0,2.23,76
Graveler,Gloom,47.28,45.05,2.23,62
Fearow,Growlithe,57.21,54.98,2.23,75
Manectric,Electrode,57.28,55.05,2.23,66
Snorlax,Magcargo,51.57,49.34,2.22,70
Scyther,Girafarig,56.17,53.96,2.21,72
Rapidash,Spearow,55.42,53.21,2.21,78
Raichu,Pidgeotto,52.05,49.84,2.21,72
Rapidash,Trapinch,53.03,50.82,2.21,65
Crobat,Ninetales,51.89,49.69,2.21,67
Electabuzz,Tentacruel,53.81,51.6,2.21,75
Feraligatr,Golduck,54.94,52.73,2.21,64
Flygon,Exeggcute,52.25,50.03,2.21,70
Feraligatr,Hoothoot,50.76,48.58,2.19,57
Electabuzz,Snorlax,55.85,53.66,2.19,66
Manectric,Electabuzz,59.4,57.22,2.18,70
Flygon,Natu,54.81,52.63,2.18,60
Jolteon,Pupitar,51.84,49.67,2.17,79
Flaaffy,Marowak,53.3,51.12,2.17,64
Porygon2,Charmeleon,49.77,47.62,2.16,67
Blissey,Exeggutor,55.74,53.58,2.16,65
Starmie,Tentacruel,54.49,52.34,2.15,70
Slowbro,Steelix,52.06,49.91,2.15,68
Cradily,Golduck,52.3,50.16,2.14,63
Electrode,Pidgeotto,50.39,48.25,2.14,62
Snorlax,Plusle,49.46,47.32,2.14,72
Noctowl,Geodude,50.86,48.73,2.13,59
Skarmory,Tentacruel,52.5,50.36,2.13,74
Sandslash,Slaking,49.98,47.86,2.12,74
Golem,Magmar,52.08,49.96,2.12,61
Jolteon,Trapinch,49.91,47.78,2.12,70
Slowbro,Miltank,50.96,48.84,2.11,57
Porygon2,Dugtrio,53.18,51.06,2.11,67
Sceptile,Onix,53.29,51.19,2.1,80
Skarmory,Pupitar,51.05,48.95,2.1,59
Skarmory,Growlithe,52.03,49.93,2.1,60
Vibrava,Meganium,51.07,48.97,2.1,80
Ninetales,Camerupt,49.79,47.7,2.09,58
Raichu,Crobat,54.29,52.2,2.09,62
Flaaffy,Magneton,52.45,50.36,2.09,67
Blissey,Smeargle,53.68,51.59,2.08,74
Electabuzz,Flaaffy,55.81,53.73,2.08,74
Slowbro,Chansey,47.55,45.48,2.07,68
Porygon2,Tentacruel,52.18,50.11,2.07,82
Raichu,Girafarig,52.67,50.61,2.07,75
Persian,Electrike,49.59,47.53,2.06,63
Persian,Lileep,49.64,47.58,2.06,69
Flareon,Gloom,51.03,49.0,2.03,80
Electrode,Growlithe,51.02,49.0,2.03,73
Typhlosion,Slugma,52.8,50.77,2.03,75
Typhlosion,Sandshrew,51.3,49.27,2.03,54
Ninetales,Pidgeotto,49.33,47.33,2.01,62
Manectric,Slaking,54.66,52.65,2.01,76
Marowak,Voltorb,47.65,45.64,2.01,72
Azumarill,Vibrava,52.57,50.56,2.01,53
Flaaffy,Snorlax,53.67,51.66,2.0,70
Porygon2,Exploud,53.3,51.3,2.0,62
Cradily,Camerupt,51.88,49.88,1.99,72
Vibrava,Ponyta,49.52,47.53,1.99,91
Cradily,Minun,50.34,48.34,1.99,91
Fearow,Golbat,55.08,53.09,1.98,57
Slowbro,Pidgeotto,49.64,47.66,1.98,68
Sceptile,Sandshrew,52.81,50.84,1.97,67
Meganium,Growlithe,49.53,47.55,1.97,78
Snorlax,Slaking,51.07,49.09,1.97,66
Jolteon,Psyduck,48.62,46.66,1.96,85
Flareon,Staryu,51.82,49.86,1.96,60
Blissey,Spearow,53.99,52.05,1.94,64
Meganium,Miltank,49.93,48.0,1.93,75
Blissey,Quilava,51.75,49.83,1.92,79
Manectric,Slugma,52.63,50.72,1.91,64
Xatu,Golem,55.0,53.1,1.9,68
Flygon,Growlithe,55.14,53.24,1.9,60
Azumarill,Blaziken,49.75,47.84,1.9,64
Flygon,Spearow,54.66,52.76,1.9,73
Blissey,Slowbro,56.22,54.33,1.89,65
Typhlosion,Sunflora,52.4,50.5,1.89,65
Snorlax,Electrode,53.37,51.5,1.88,77
Cradily,Plusle,50.35,48.47,1.88,72
Electrode,Graveler,50.34,48.47,1.87,83
Scyther,Ponyta,55.31,53.45,1.87,77
Feraligatr,Wartortle,52.37,50.5,1.87,66
Noctowl,Marill,49.63,47.78,1.85,78
Electrode,Crobat,52.46,50.61,1.85,69
Jolteon,Girafarig,52.5,50.68,1.82,66
Golem,Slugma,48.26,46.44,1.82,84
Golem,Graveler,49.67,47.85,1.82,70
Meganium,Golduck,49.27,47.45,1.81,75
Crobat,Vibrava,51.43,49.63,1.8,73
Typhlosion,Plusle,52.73,50.94,1.8,68
Steelix,Golduck,49.81,48.0,1.8,64
Xatu,Steelix,54.62,52.83,1.79,67
Scyther,Mantine,55.13,53.34,1.79,67
Magmar,Natu,49.36,47.57,1.79,61
Rapidash,Onix,52.37,50.59,1.78,72
Manectric,Cubone,51.57,49.8,1.78,75
Manectric,Charmeleon,52.37,50.6,1.77,70
Scyther,Golbat,53.81,52.05,1.77,72
Raichu,Golduck,52.25,50.48,1.77,76
Manectric,Snorlax,56.92,55.16,1.76,68
Blissey,Pidgeotto,53.54,51.78,1.76,67
Marowak,Magnemite,50.73,48.98,1.75,74
Electabuzz,Growlithe,52.9,51.16,1.74,69
Feraligatr,Croconaw,52.21,50.47,1.74,56
Cradily,Crobat,53.6,51.87,1.73,71
Donphan,Ivysaur,51.6,49.88,1.72,77
Skarmory,Exploud,53.28,51.56,1.72,65
Cradily,Golem,53.76,52.03,1.72,72
Sandslash,Miltank,50.03,48.31,1.72,63
Crobat,Natu,49.33,47.61,1.72,66
Snorlax,Persian,52.35,50.64,1.71,75
Rapidash,Chansey,52.49,50.78,1.71,61
Ninetales,Dugtrio,51.18,49.47,1.71,70
Scyther,Minun,53.72,52.03,1.7,72
Typhlosion,Pidgeotto,53.67,51.97,1.7,66
Azumarill,Dugtrio,52.23,50.53,1.7,72
Skarmory,Slugma,49.68,47.99,1.69,86
Cradily,Pidgeotto,51.2,49.51,1.69,59
Raichu,Golem,54.05,52.36,1.69,75
Feraligatr,Smeargle,53.58,51.9,1.68,78
Steelix,Growlithe,49.79,48.11,1.68,66
Raichu,Ponyta,51.77,50.09,1.68,75
Crobat,Magmar,51.48,49.8,1.68,71
Skarmory,Crobat,53.22,51.55,1.68,74
Raichu,Pupitar,51.27,49.6,1.67,70
Noctowl,Natu,51.96,50.28,1.67,75
Cradily,Geodude,49.76,48.09,1.67,70
Starmie,Smeargle,52.62,50.97,1.65,73
Marowak,Magcargo,50.43,48.81,1.63,74
Donphan,Golem,55.66,54.04,1.62,60
Manectric,Miltank,54.72,53.1,1.62,75
Magneton,Staryu,49.26,47.64,1.61,61
Jolteon,Staryu,52.1,50.5,1.6,66
Starmie,Slugma,51.56,49.97,1.6,78
Jolteon,Electrode,54.65,53.05,1.6,70
Jolteon,Meganium,53.21,51.61,1.6,72
Exploud,Tentacruel,50.26,48.66,1.59,61
Flareon,Crobat,53.21,51.63,1.58,65
Sandslash,Cacturne,49.42,47.84,1.58,84
Azumarill,Exploud,52.35,50.77,1.58,64
Donphan,Marowak,55.8,54.22,1.58,71
Vaporeon,Lileep,49.47,47.91,1.57,59
Electabuzz,Croconaw,50.37,48.8,1.57,65
Meganium,Tentacruel,49.55,47.99,1.56,66
Staryu,Pidgeotto,47.26,45.7,1.56,57
Noctowl,Plusle,50.67,49.11,1.56,72
Flaaffy,Staryu,50.56,49.01,1.55,71
Flareon,Girafarig,51.59,50.04,1.55,64
Typhlosion,Vigoroth,51.25,49.7,1.55,66
Cradily,Graveler,51.28,49.72,1.55,77
Electrode,Golem,52.31,50.77,1.54,88
Electabuzz,Quilava,50.0,48.47,1.54,62
Vaporeon,Gloom,48.99,47.45,1.54,76
Feraligatr,Plusle,52.59,51.05,1.53,81
Typhlosion,Golbat,52.36,50.83,1.53,69
Azumarill,Exeggutor,51.72,50.19,1.53,61
Growlithe,Slaking,48.12,46.59,1.52,74
Slowbro,Golem,51.7,50.18,1.52,68
Xatu,Smeargle,51.9,50.39,1.51,61
Electabuzz,Meganium,53.63,52.12,1.51,78
Typhlosion,Staryu,54.06,52.56,1.5,81
Xatu,Swampert,51.46,49.97,1.5,69
Vaporeon,Ninetales,51.45,49.95,1.5,71
Electrode,Tentacruel,50.93,49.43,1.5,72
Starmie,Vigoroth,50.39,48.89,1.5,71
Flareon,Graveler,50.98,49.48,1.5,54
Blissey,Marill,50.9,49.41,1.49,72
Flareon,Mantine,50.9,49.42,1.48,57
Jolteon,Spearow,51.65,50.17,1.47,73
Scyther,Voltorb,52.47,51.01,1.46,76
Raichu,Meganium,53.0,51.53,1.46,61
Noctowl,Ninetales,53.82,52.36,1.46,69
Azumarill,Cubone,47.73,46.28,1.45,76
Sandslash,Lileep,48.74,47.3,1.45,73
Azumarill,Grovyle,49.15,47.7,1.45,69
Porygon2,Golem,52.9,51.45,1.45,75
Snorlax,Gloom,49.53,48.08,1.45,60
Golem,Spearow,49.33,47.9,1.43,71
Cradily,Slugma,49.74,48.31,1.43,84
Flareon,Spearow,50.96,49.53,1.43,70
Noctowl,Girafarig,52.35,50.92,1.43,75
Golem,Exeggutor,50.85,49.42,1.42,61
Marowak,Vaporeon,51.85,50.44,1.42,79
Donphan,Spearow,53.2,51.78,1.42,71
Crobat,Geodude,47.47,46.05,1.42,72
Starmie,Trapinch,50.45,49.03,1.41,69
Jolteon,Magnemite,52.48,51.08,1.4,69
Blissey,Geodude,51.76,50.37,1.39,71
Electrode,Miltank,50.83,49.44,1.39,75
Jolteon,Sandslash,53.31,51.92,1.39,71
Raichu,Trapinch,49.1,47.71,1.39,59
Electabuzz,Girafarig,52.57,51.19,1.38,70
Rapidash,Dugtrio,56.46,55.09,1.38,75
Donphan,Blaziken,52.35,50.97,1.38,61
Xatu,Lileep,52.12,50.75,1.37,61
Electrode,Magmar,51.94,50.58,1.36,53
Exploud,Growlithe,49.59,48.23,1.36,77
Electabuzz,Gloom,51.51,50.14,1.36,80
Rapidash,Blaziken,53.74,52.39,1.35,70
Flaaffy,Meganium,51.47,50.12,1.35,70
Ninetales,Girafarig,49.44,48.09,1.34,62
Porygon2,Vibrava,52.43,51.09,1.34,64
Persian,Magneton,50.69,49.34,1.34,70
Azumarill,Magmar,52.04,50.72,1.33,80
Exeggutor,Camerupt,48.59,47.27,1.32,88
Raichu,Psyduck,47.9,46.59,1.32,71
Raichu,Sunflora,49.69,48.37,1.32,63
Xatu,Staryu,52.49,51.17,1.32,79
Scyther,Charmeleon,53.19,51.88,1.31,71
Magmar,Pidgeotto,48.74,47.44,1.31,71
Electabuzz,Hoothoot,48.21,46.91,1.31,71
Electrode,Magcargo,50.55,49.24,1.31,65
Porygon2,Ponyta,50.48,49.18,1.3,63
Snorlax,Cacturne,50.38,49.08,1.3,67
Donphan,Smeargle,52.63,51.33,1.3,59
Electabuzz,Persian,54.0,52.71,1.29,62
Magneton,Cacturne,49.07,47.78,1.29,71
Azumarill,Natu,49.81,48.53,1.28,60
Marowak,Ninetales,51.3,50.03,1.27,74
Feraligatr,Quilava,51.4,50.14,1.27,79
Starmie,Pidgeotto,52.43,51.16,1.27,80
Snorlax,Graveler,49.83,48.57,1.26,66
Cradily,Trapinch,48.64,47.38,1.26,83
Slowbro,Persian,51.2,49.95,1.26,74
Skarmory,Steelix,52.69,51.44,1.25,72
Feraligatr,Geodude,51.92,50.67,1.25,68
Feraligatr,Exeggcute,50.87,49.63,1.24,70
Flygon,Trapinch,51.6,50.37,1.23,73
Blissey,Lileep,53.19,51.96,1.23,62
Exploud,Vibrava,50.88,49.65,1.23,76
Xatu,Graveler,52.01,50.8,1.22,68
Electrode,Slowbro,52.01,50.8,1.21,75
Flygon,Plusle,52.67,51.46,1.21,69
Magcargo,Electrike,47.44,46.23,1.21,53
Exploud,Crobat,51.05,49.84,1.21,74
Electrode,Magneton,51.41,50.2,1.21,75
Snorlax,Exploud,51.93,50.73,1.2,83
Azumarill,Marowak,52.3,51.1,1.2,83
Sceptile,Trapinch,52.62,51.42,1.2,56
Starmie,Ninetales,54.57,53.38,1.19,72
Manectric,Ninetales,55.32,54.12,1.19,74
Vaporeon,Blaziken,48.37,47.18,1.19,71
Rapidash,Cubone,52.02,50.83,1.19,76
Marowak,Meganium,50.71,49.52,1.19,74
Sandslash,Smeargle,48.11,46.93,1.18,88
Magmar,Vibrava,50.78,49.6,1.18,72
Electabuzz,Camerupt,51.98,50.8,1.18,62
Cradily,Miltank,51.87,50.7,1.17,65
Donphan,Charmeleon,51.38,50.2,1.17,63
Jolteon,Charmeleon,49.77,48.6,1.17,96
Starmie,Marill,49.96,48.79,1.17,62
Skarmory,Marowak,53.04,51.89,1.15,77
Noctowl,Sunflora,49.84,48.69,1.15,91
Flareon,Exeggutor,52.21,51.06,1.15,63
Blissey,Wartortle,51.34,50.2,1.15,76
Magneton,Loudred,48.15,47.0,1.15,56
Manectric,Minun,51.89,50.75,1.14,66
Persian,Steelix,50.79,49.65,1.14,61
Golem,Pelipper,48.69,47.55,1.14,60
Cradily,Cacturne,51.38,50.23,1.14,69
Cradily,Swampert,50.03,48.89,1.14,70
Xatu,Growlithe,52.45,51.33,1.13,76
Ninetales,Staryu,49.05,47.91,1.13,73
Starmie,Staryu,52.87,51.75,1.12,74
Xatu,Trapinch,49.58,48.45,1.12,64
Xatu,Slaking,52.44,51.32,1.12,62
Xatu,Minun,50.53,49.41,1.12,89
Xatu,Pidgeotto,51.7,50.58,1.12,68
Flaaffy,Pidgeotto,49.53,48.42,1.11,54
Flareon,Plusle,49.35,48.23,1.11,80
Starmie,Cacturne,52.98,51.89,1.1,76
Rapidash,Plusle,53.01,51.91,1.1,74
Flaaffy,Pupitar,49.28,48.19,1.1,70
Steelix,Staryu,49.03,47.95,1.08,75
Ninetales,Pupitar,48.17,47.09,1.08,74
Vibrava,Loudred,48.3,47.22,1.08,63
Donphan,Magnemite,53.75,52.68,1.07,64
Rapidash,Pupitar,53.77,52.71,1.06,65
Marowak,Magneton,50.82,49.76,1.06,66
Flaaffy,Gloom,49.21,48.14,1.06,70
Azumarill,Loudred,49.39,48.34,1.05,67
Crobat,Growlithe,49.26,48.22,1.05,61
Rapidash,Hoothoot,50.48,49.43,1.05,70
Sandslash,Camerupt,48.55,47.5,1.05,75
Porygon2,Golduck,50.61,49.57,1.04,86
Flareon,Exeggcute,47.85,46.81,1.04,63
Vaporeon,Natu,48.9,47.87,1.03,64
Scyther,Psyduck,50.96,49.94,1.02,74
Starmie,Charmeleon,50.87,49.85,1.02,74
Electrode,Grovyle,48.57,47.55,1.02,55
Snorlax,Vibrava,51.54,50.52,1.02,75
Vaporeon,Girafarig,49.51,48.5,1.01,69
Ninetales,Growlithe,49.08,48.07,1.01,64
Golduck,Pelipper,46.67,45.67,1.0,72
Steelix,Mantine,48.5,47.51,0.99,66
Manectric,Quilava,50.95,49.95,0.99,61
Skarmory,Magcargo,51.16,50.17,0.99,84
Electabuzz,Exeggcute,48.94,47.96,0.98,73
Exploud,Ninetales,50.68,49.7,0.98,72
Magmar,Meganium,50.11,49.13,0.98,92
Porygon2,Swampert,49.28,48.31,0.97,72
Typhlosion,Growlithe,53.69,52.72,0.97,86
Flygon,Sandshrew,50.76,49.79,0.97,71
Xatu,Natu,51.68,50.72,0.96,65
Raichu,Growlithe,51.54,50.58,0.96,67
Starmie,Natu,52.25,51.3,0.96,69
Marowak,Growlithe,49.52,48.56,0.96,76
Dugtrio,Magnemite,49.37,48.41,0.96,60
Magmar,Magneton,50.33,49.38,0.95,64
Starmie,Onix,49.75,48.8,0.95,67
Rapidash,Loudred,53.84,52.89,0.95,72
Typhlosion,Cubone,50.8,49.86,0.94,76
Typhlosion,Chansey,50.73,49.8,0.93,63
Flareon,Slugma,49.01,48.08,0.93,56
Jolteon,Chansey,48.67,47.74,0.93,63
Jolteon,Ninetales,53.05,52.12,0.92,72
Noctowl,Steelix,53.32,52.4,0.92,86
Blissey,Magneton,54.65,53.73,0.92,59
Flareon,Ninetales,52.38,51.48,0.9,75
Vaporeon,Miltank,49.81,48.92,0.89,56
Slowbro,Staryu,49.14,48.25,0.89,54
Porygon2,Snorlax,53.06,52.17,0.89,69
Xatu,Ponyta,51.71,50.83,0.88,64
Vibrava,Plusle,47.12,46.24,0.88,78
Porygon2,Mantine,49.95,49.08,0.88,75
Crobat,Loudred,48.29,47.41,0.88,70
Electabuzz,Smeargle,51.11,50.23,0.88,70
Dugtrio,Slaking,48.86,47.99,0.87,68
Manectric,Hoothoot,49.26,48.39,0.86,72
Cradily,Charmeleon,49.06,48.2,0.86,75
Exploud,Ponyta,48.6,47.74,0.86,74
Feraligatr,Gloom,52.67,51.81,0.86,78
Rapidash,Slugma,52.61,51.75,0.86,64
Blissey,Voltorb,50.45,49.61,0.85,81
Persian,Magcargo,49.24,48.39,0.85,77
Sceptile,Golbat,53.24,52.4,0.84,64
Raichu,Slugma,49.47,48.64,0.83,62
Electrode,Golbat,47.94,47.11,0.83,73
Golem,Magnemite,49.63,48.8,0.83,66
Azumarill,Camerupt,49.59,48.77,0.82,95
Exploud,Gloom,48.03,47.21,0.82,67
Steelix,Charmeleon,46.86,46.05,0.81,72
Flareon,Camerupt,50.46,49.64,0.81,71
Snorlax,Golduck,49.81,49.0,0.81,83
Vibrava,Miltank,49.27,48.47,0.81,72
Feraligatr,Tentacruel,54.07,53.27,0.8,74
Golduck,Ponyta,46.81,46.01,0.8,70
Golduck,Electrike,46.68,45.89,0.79,65
Slowbro,Slaking,49.19,48.4,0.79,60
Raichu,Snorlax,53.87,53.08,0.79,55
Vaporeon,Loudred,48.46,47.67,0.79,66
Meganium,Loudred,47.54,46.75,0.78,71
Porygon2,Slugma,48.51,47.73,0.78,76
Starmie,Ponyta,52.2,51.41,0.78,79
Starmie,Blaziken,51.39,50.61,0.78,73
Dugtrio,Camerupt,48.4,47.62,0.78,52
Cradily,Ponyta,50.54,49.77,0.77,91
Dugtrio,Electrike,48.16,47.39,0.77,62
Porygon2,Steelix,51.93,51.17,0.76,73
Marowak,Minun,47.41,46.65,0.76,56
Marowak,Exeggutor,50.36,49.61,0.75,88
Staryu,Spearow,46.71,45.97,0.75,67
Girafarig,Slaking,47.36,46.62,0.74,73
Rapidash,Ivysaur,52.04,51.3,0.73,77
Magmar,Ninetales,50.38,49.65,0.73,89
Girafarig,Lileep,46.78,46.05,0.73,78
Flaaffy,Pelipper,49.05,48.33,0.72,75
Azumarill,Electrike,49.25,48.53,0.72,78
Xatu,Gloom,51.02,50.3,0.72,83
Dugtrio,Miltank,49.15,48.44,0.71,81
Steelix,Slaking,48.81,48.1,0.71,77
Porygon2,Girafarig,50.41,49.7,0.71,57
Porygon2,Electrode,52.77,52.06,0.7,75
Persian,Tentacruel,49.28,48.58,0.7,71
Flygon,Lileep,53.37,52.67,0.7,67
Vibrava,Natu,48.1,47.41,0.69,80
Sandslash,Magnemite,48.96,48.28,0.68,72
Sceptile,Psyduck,50.97,50.3,0.68,54
Magcargo,Mantine,46.93,46.25,0.68,62
Golem,Pidgeotto,48.3,47.63,0.67,73
Flaaffy,Golduck,49.73,49.06,0.67,64
Flaaffy,Tentacruel,50.27,49.6,0.67,73
Xatu,Plusle,50.2,49.55,0.66,67
Vaporeon,Steelix,50.64,49.98,0.66,60
Donphan,Loudred,52.12,51.46,0.66,59
Flareon,Marill,47.55,46.9,0.65,72
Starmie,Loudred,51.76,51.11,0.65,66
Tentacruel,Camerupt,47.3,46.66,0.64,78
Noctowl,Staryu,51.38,50.74,0.64,53
Fearow,Trapinch,52.76,52.11,0.64,61
Marowak,Electrike,48.59,47.95,0.64,66
Manectric,Exeggcute,50.08,49.45,0.63,68
Exeggutor,Magcargo,48.52,47.89,0.63,67
Raichu,Slaking,51.19,50.58,0.61,68
Golem,Miltank,49.43,48.83,0.61,84
Skarmory,Loudred,49.74,49.13,0.61,55
Manectric,Camerupt,52.9,52.28,0.61,77
Flaaffy,Growlithe,49.78,49.16,0.61,67
Flygon,Sunflora,51.63,51.03,0.6,69
Donphan,Natu,52.25,51.65,0.6,64
Scyther,Quilava,51.83,51.23,0.6,61
Vibrava,Camerupt,48.25,47.65,0.6,81
Noctowl,Slowbro,53.28,52.7,0.59,85
Slowbro,Girafarig,49.01,48.42,0.59,64
Steelix,Electrike,48.08,47.5,0.59,57
Vaporeon,Exploud,50.68,50.11,0.58,76
Electabuzz,Geodude,49.58,49.0,0.58,71
Slowbro,Geodude,46.82,46.23,0.58,72
Flaaffy,Magnemite,50.15,49.58,0.57,67
Cradily,Grovyle,49.38,48.81,0.57,75
Electrode,Ponyta,49.07,48.5,0.56,68
Golem,Persian,50.45,49.92,0.53,73
Golem,Meganium,49.86,49.33,0.53,67
Sandslash,Voltorb,45.47,44.94,0.53,74
Vaporeon,Camerupt,48.62,48.11,0.52,72
Dugtrio,Natu,47.91,47.39,0.52,78
Exploud,Graveler,48.21,47.7,0.51,70
Donphan,Wartortle,50.44,49.92,0.51,58
Vibrava,Staryu,48.37,47.86,0.51,67
Slowbro,Exeggutor,49.95,49.45,0.51,70
Vibrava,Magnemite,48.95,48.44,0.51,60
Exploud,Vigoroth,45.71,45.22,0.5,69
Electrode,Ninetales,50.95,50.47,0.49,68
Dugtrio,Growlithe,48.48,48.0,0.49,70
Flaaffy,Golem,51.43,50.94,0.49,64
Flaaffy,Miltank,50.09,49.61,0.48,80
Flareon,Quilava,47.8,47.31,0.48,68
Exploud,Marill,45.59,45.11,0.47,73
Flaaffy,Magcargo,49.87,49.41,0.46,78
Slowbro,Sandslash,50.12,49.67,0.46,66
Slaking,Lileep,46.48,46.03,0.46,67
Camerupt,Ponyta,46.2,45.74,0.46,74
Golem,Camerupt,48.47,48.01,0.46,71
Snorlax,Loudred,48.75,48.3,0.45,86
Cradily,Loudred,49.9,49.45,0.45,83
Crobat,Magneton,49.85,49.41,0.44,82
Blissey,Chansey,50.06,49.62,0.44,77
Staryu,Vigoroth,43.87,43.43,0.44,69
Jolteon,Tentacruel,51.52,51.09,0.43,59
Flareon,Growlithe,50.45,50.02,0.43,61
Crobat,Smeargle,47.7,47.28,0.42,62
Electabuzz,Sandshrew,48.14,47.72,0.42,74
Miltank,Growlithe,47.46,47.05,0.42,70
Flareon,Cubone,47.57,47.16,0.41,70
Rapidash,Exeggcute,50.9,50.48,0.41,76
Marowak,Pidgeotto,48.22,47.81,0.41,58
Magneton,Sunflora,46.0,45.59,0.41,82
Snorlax,Staryu,49.35,48.95,0.4,78
Girafarig,Grovyle,45.58,45.18,0.4,65
Manectric,Plusle,51.28,50.88,0.4,69
Electabuzz,Natu,50.95,50.55,0.39,73
Girafarig,Natu,46.4,46.02,0.38,64
Feraligatr,Onix,50.11,49.73,0.38,66
Donphan,Cacturne,52.62,52.24,0.38,64
Donphan,Magneton,53.83,53.46,0.37,74
Graveler,Smeargle,45.5,45.13,0.37,66
Magmar,Exeggcute,45.34,44.97,0.37,74
Golem,Slaking,48.75,48.38,0.37,72
Magcargo,Staryu,47.06,46.69,0.37,64
Feraligatr,Charmeleon,51.14,50.78,0.36,57
Magnemite,Mantine,46.78,46.42,0.36,85
Electrode,Natu,48.75,48.39,0.36,62
Blissey,Sunflora,50.68,50.32,0.36,81
Manectric,Psyduck,49.02,48.66,0.36,72
Rapidash,Gloom,53.02,52.67,0.35,69
Rapidash,Charmeleon,51.98,51.64,0.35,71
Donphan,Swampert,51.24,50.9,0.34,54
Electabuzz,Staryu,51.35,51.01,0.34,71
Feraligatr,Girafarig,53.2,52.86,0.34,49
Xatu,Pupitar,50.68,50.34,0.34,63
Marowak,Grovyle,47.46,47.12,0.34,68
Raichu,Ninetales,52.39,52.05,0.34,57
Raichu,Dugtrio,52.31,51.98,0.34,74
Vaporeon,Sandslash,50.08,49.74,0.34,62
Magmar,Camerupt,48.14,47.81,0.33,76
Jolteon,Electrike,50.37,50.05,0.33,70
Steelix,Tentacruel,48.87,48.54,0.33,82
Persian,Dugtrio,49.86,49.54,0.32,57
Magneton,Mantine,47.53,47.2,0.32,84
Magneton,Girafarig,48.14,47.83,0.32,63
Flaaffy,Ninetales,50.96,50.63,0.32,69
Vaporeon,Spearow,48.31,48.0,0.32,87
Girafarig,Graveler,46.41,46.09,0.31,67
Persian,Pidgeotto,47.71,47.4,0.31,74
Slowbro,Exploud,50.33,50.03,0.3,87
Snorlax,Girafarig,49.43,49.12,0.3,69
Crobat,Girafarig,48.53,48.24,0.29,61
Marowak,Slowbro,50.64,50.36,0.28,65
Marowak,Magmar,50.42,50.14,0.28,89
Golem,Lileep,48.09,47.81,0.28,72
Sceptile,Exeggcute,51.36,51.08,0.28,67
Cradily,Blaziken,49.24,48.96,0.28,83
Skarmory,Cacturne,50.18,49.91,0.27,73
Jolteon,Wartortle,48.59,48.32,0.27,77
Magmar,Loudred,47.64,47.38,0.26,73
Donphan,Ponyta,52.03,51.77,0.26,68
Flygon,Vibrava,54.92,54.66,0.26,70
Flareon,Sunflora,48.06,47.8,0.25,85
Magneton,Natu,47.44,47.19,0.25,80
Electrode,Girafarig,49.27,49.02,0.25,85
Golem,Electrike,48.01,47.77,0.24,63
Golem,Charmeleon,46.56,46.33,0.24,74
Exploud,Spearow,47.99,47.75,0.24,70
Electabuzz,Swampert,50.04,49.8,0.24,71
Sandslash,Blaziken,46.8,46.57,0.23,66
Exeggutor,Staryu,47.72,47.49,0.23,66
Tentacruel,Spearow,46.78,46.55,0.23,75
Snorlax,Golbat,47.43,47.21,0.22,75
Smeargle,Pupitar,44.89,44.69,0.2,69
Jolteon,Voltorb,47.93,47.73,0.2,73
Xatu,Mantine,50.93,50.73,0.2,54
Flareon,Natu,49.59,49.41,0.19,78
Noctowl,Cubone,48.23,48.03,0.19,74
Magmar,Magcargo,48.62,48.42,0.19,68
Crobat,Plusle,46.62,46.44,0.18,68
Magmar,Steelix,49.86,49.69,0.18,68
Vibrava,Pidgeotto,47.44,47.27,0.17,59
Persian,Spearow,47.84,47.66,0.17,60
Rapidash,Mantine,53.25,53.09,0.16,66
Azumarill,Golduck,49.2,49.04,0.16,74
Gyarados,Pupitar,56.47,56.32,0.15,71
Magmar,Graveler,47.8,47.65,0.15,68
Electrode,Croconaw,46.78,46.63,0.15,51
Noctowl,Grovyle,49.6,49.45,0.15,66
Spearow,Blaziken,44.97,44.83,0.14,68
Starmie,Lileep,51.47,51.34,0.14,68
Spearow,Grovyle,44.81,44.67,0.14,75
Feraligatr,Marill,49.86,49.72,0.14,72
Blissey,Gloom,51.64,51.51,0.13,53
Azumarill,Cacturne,49.25,49.12,0.13,71
Xatu,Wartortle,49.12,48.99,0.13,69
Porygon2,Marill,46.68,46.55,0.13,77
Cradily,Smeargle,49.44,49.32,0.12,75
Flaaffy,Swampert,47.93,47.8,0.12,62
Flareon,Dugtrio,51.53,51.41,0.12,79
Cradily,Hoothoot,46.1,45.99,0.11,65
Magmar,Exeggutor,49.33,49.22,0.1,70
Persian,Ivysaur,45.86,45.76,0.1,64
Azumarill,Pidgeotto,48.5,48.39,0.1,76
Snorlax,Electrike,48.58,48.49,0.09,75
Feraligatr,Swampert,51.56,51.48,0.09,65
Fearow,Voltorb,52.15,52.06,0.09,64
Flareon,Magmar,51.68,51.59,0.08,69
Flaaffy,Natu,48.63,48.55,0.08,85
Slaking,Charmeleon,44.62,44.54,0.08,78
Flareon,Golem,51.87,51.8,0.08,75
Crobat,Tentacruel,48.72,48.65,0.07,62
Skarmory,Exeggutor,51.03,50.97,0.06,75
Magcargo,Smeargle,45.95,45.91,0.04,75
Blastoise,Pupitar,55.32,55.29,0.03,68
Slowbro,Golbat,46.54,46.51,0.03,53
Noctowl,Loudred,50.13,50.09,0.03,71
Starmie,Swampert,50.57,50.55,0.03,74
Ninetales,Slaking,48.1,48.06,0.03,82
Flaaffy,Dugtrio,50.58,50.56,0.02,77
Manectric,Pupitar,51.69,51.67,0.02,59
Manectric,Wartortle,50.34,50.32,0.02,71
Vaporeon,Onix,45.39,45.38,0.02,68
Donphan,Cubone,49.41,49.4,0.01,64
Manectric,Sandshrew,49.22,49.2,0.01,66
Exeggutor,Smeargle,46.72,46.71,0.01,67
Noctowl,Ponyta,50.4,50.41,-0.0,71
Starmie,Golbat,50.02,50.02,0.0,68
Flareon,Golbat,48.13,48.12,0.0,57
Flareon,Sandslash,51.28,51.28,0.0,83
Dugtrio,Tentacruel,48.43,48.43,0.0,75
Raichu,Exeggutor,51.6,51.62,-0.02,52
Vibrava,Lileep,47.43,47.45,-0.02,80
Donphan,Staryu,52.09,52.11,-0.02,64
Vibrava,Voltorb,45.07,45.09,-0.03,71
Persian,Mantine,47.52,47.55,-0.03,72
Flygon,Cubone,50.35,50.38,-0.03,65
Skarmory,Blaziken,48.61,48.63,-0.03,61
Xatu,Charmeleon,49.24,49.27,-0.03,69
Noctowl,Mantine,50.25,50.3,-0.05,75
Exploud,Grovyle,46.73,46.78,-0.06,52
Jolteon,Slaking,50.59,50.65,-0.06,79
Cradily,Voltorb,47.27,47.33,-0.06,63
Sandslash,Mantine,47.2,47.27,-0.07,76
Typhlosion,Trapinch,49.78,49.84,-0.07,57
Snorlax,Sunflora,46.82,46.89,-0.07,75
Noctowl,Quilava,48.11,48.2,-0.08,54
Electrode,Exeggutor,49.95,50.04,-0.09,61
Sandslash,Magcargo,48.02,48.11,-0.09,82
Noctowl,Spearow,50.32,50.41,-0.09,57
Snorlax,Swampert,47.65,47.74,-0.09,68
Marowak,Pupitar,47.48,47.58,-0.1,70
Starmie,Ivysaur,49.42,49.52,-0.1,64
Dugtrio,Plusle,46.12,46.22,-0.1,56
Porygon2,Cubone,46.7,46.81,-0.11,73
Noctowl,Vigoroth,47.77,47.88,-0.11,77
Magneton,Lileep,47.12,47.23,-0.11,63
Magmar,Slaking,48.07,48.17,-0.11,78
Noctowl,Wartortle,48.44,48.56,-0.12,65
Xatu,Cubone,48.34,48.47,-0.12,72
Noctowl,Swampert,49.42,49.53,-0.12,76
Cradily,Mantine,49.54,49.66,-0.12,76
Marowak,Loudred,47.63,47.76,-0.13,75
Slowbro,Voltorb,45.35,45.48,-0.13,61
Steelix,Lileep,47.4,47.53,-0.14,80
Electrode,Charmeleon,46.8,46.94,-0.14,76
Typhlosion,Hoothoot,48.3,48.45,-0.15,73
Steelix,Voltorb,45.03,45.18,-0.15,66
Snorlax,Cubone,46.09,46.24,-0.15,81
Snorlax,Exeggutor,50.0,50.14,-0.15,76
Electabuzz,Trapinch,48.14,48.3,-0.16,62
Skarmory,Magnemite,50.19,50.35,-0.16,62
Electabuzz,Vigoroth,47.98,48.15,-0.17,66
Flareon,Golduck,49.74,49.91,-0.17,58
Sandslash,Croconaw,45.33,45.5,-0.17,69
Persian,Miltank,48.39,48.59,-0.2,77
Flaaffy,Graveler,48.42,48.63,-0.21,68
Magnemite,Graveler,46.28,46.49,-0.21,73
Azumarill,Golem,50.71,50.92,-0.21,69
Skarmory,Gloom,48.7,48.91,-0.21,59
Magmar,Swampert,46.61,46.82,-0.21,68
Snorlax,Mantine,48.28,48.5,-0.22,73
Flareon,Smeargle,48.86,49.08,-0.22,78
Azumarill,Spearow,48.44,48.66,-0.22,56
Magmar,Lileep,47.39,47.61,-0.22,61
Slowbro,Vibrava,49.59,49.82,-0.23,78
Vibrava,Electrike,47.18,47.41,-0.23,62
Sandslash,Loudred,46.84,47.06,-0.23,78
Golem,Exploud,49.78,50.01,-0.23,73
Growlithe,Camerupt,45.99,46.23,-0.24,59
Starmie,Croconaw,49.3,49.54,-0.24,63
Blissey,Sandshrew,48.83,49.08,-0.25,76
Pelipper,Chansey,42.6,42.86,-0.25,72
Electabuzz,Graveler,50.39,50.63,-0.25,70
Camerupt,Grovyle,44.52,44.78,-0.27,68
Flareon,Geodude,47.58,47.85,-0.27,75
Azumarill,Wartortle,46.52,46.8,-0.28,70
Slaking,Pidgeotto,45.57,45.85,-0.28,67
Magcargo,Growlithe,46.57,46.84,-0.28,68
Skarmory,Croconaw,47.29,47.56,-0.28,65
Golem,Steelix,49.61,49.88,-0.28,71
Marowak,Golbat,46.38,46.67,-0.29,73
Porygon2,Spearow,48.9,49.19,-0.29,76
Exploud,Slugma,46.0,46.29,-0.29,81
Noctowl,Exeggcute,47.39,47.69,-0.3,69
Starmie,Sandslash,52.87,53.17,-0.3,69
Raichu,Wartortle,47.95,48.25,-0.3,81
Electabuzz,Sunflora,48.65,48.95,-0.31,59
Marowak,Cacturne,48.23,48.54,-0.31,61
Snorlax,Camerupt,48.42,48.73,-0.31,62
Magnemite,Girafarig,46.72,47.05,-0.32,84
Persian,Meganium,48.78,49.1,-0.32,70
Magmar,Golduck,47.75,48.08,-0.33,82
Manectric,Marill,49.21,49.54,-0.33,72
Ninetales,Blaziken,46.45,46.77,-0.33,57
Flareon,Miltank,50.13,50.46,-0.33,59
Electabuzz,Psyduck,46.84,47.17,-0.33,55
Dugtrio,Spearow,47.19,47.52,-0.33,62
Vibrava,Slaking,47.68,48.02,-0.33,72
Vibrava,Exeggutor,48.72,49.06,-0.34,76
Noctowl,Crobat,52.17,52.51,-0.34,66
Exeggutor,Natu,46.68,47.03,-0.35,70
Porygon2,Exeggutor,50.36,50.72,-0.35,74
Azumarill,Ninetales,50.26,50.61,-0.35,72
Miltank,Blaziken,45.4,45.75,-0.35,77
Azumarill,Mantine,48.2,48.55,-0.35,73
Azumarill,Persian,50.32,50.69,-0.36,76
Skarmory,Golduck,49.47,49.83,-0.36,63
Feraligatr,Chansey,49.56,49.92,-0.36,65
Cradily,Exeggcute,46.69,47.05,-0.36,74
Tentacruel,Natu,46.05,46.42,-0.37,72
Meganium,Ponyta,46.69,47.06,-0.37,71
Skarmory,Meganium,50.49,50.88,-0.39,85
Azumarill,Vaporeon,50.62,51.02,-0.4,75
Skarmory,Mantine,48.94,49.33,-0.4,84
Miltank,Natu,46.04,46.44,-0.4,78
Noctowl,Sandshrew,47.04,47.45,-0.4,63
Electrode,Pupitar,47.6,48.02,-0.41,71
Vibrava,Charmeleon,45.54,45.97,-0.42,102
Ninetales,Vibrava,49.07,49.49,-0.42,72
Golem,Blaziken,46.66,47.08,-0.42,66
Exploud,Magneton,49.01,49.43,-0.42,65
Azumarill,Vigoroth,45.71,46.12,-0.42,78
Blissey,Mantine,51.51,51.94,-0.43,65
Vaporeon,Growlithe,48.04,48.48,-0.43,74
Noctowl,Cacturne,50.45,50.88,-0.43,59
Persian,Cacturne,47.68,48.12,-0.44,64
Flaaffy,Vibrava,50.14,50.58,-0.44,72
Persian,Staryu,47.55,47.99,-0.44,78
Marowak,Tentacruel,48.55,49.0,-0.45,67
Jolteon,Plusle,48.43,48.88,-0.45,83
Ninetales,Magneton,48.82,49.27,-0.45,75
Dugtrio,Mantine,46.94,47.4,-0.46,70
Donphan,Girafarig,51.82,52.28,-0.46,69
Electabuzz,Miltank,51.15,51.61,-0.46,78
Cacturne,Spearow,45.63,46.1,-0.47,65
Slowbro,Croconaw,45.57,46.03,-0.47,75
Dugtrio,Meganium,48.48,48.95,-0.47,58
Azumarill,Geodude,46.51,46.98,-0.47,84
Exeggutor,Lileep,46.6,47.08,-0.47,76
Noctowl,Golduck,50.31,50.8,-0.48,69
Xatu,Girafarig,50.87,51.35,-0.48,70
Flygon,Onix,49.66,50.14,-0.48,60
Exploud,Camerupt,47.37,47.86,-0.49,67
Slaking,Cacturne,46.09,46.58,-0.49,71
Slowbro,Electrike,47.3,47.79,-0.49,48
Jolteon,Cubone,47.31,47.8,-0.49,84
Cradily,Steelix,51.26,51.76,-0.5,63
Golem,Vibrava,49.3,49.8,-0.5,73
Golem,Natu,47.27,47.77,-0.5,75
Flareon,Slaking,49.51,50.01,-0.5,64
Xatu,Loudred,50.03,50.52,-0.5,79
Jolteon,Blaziken,48.85,49.36,-0.51,82
Vaporeon,Meganium,48.92,49.43,-0.51,91
Jolteon,Ivysaur,47.75,48.27,-0.52,76
Crobat,Magnemite,48.11,48.63,-0.52,81
Vaporeon,Mantine,47.36,47.88,-0.52,59
Starmie,Camerupt,51.01,51.53,-0.52,71
Jolteon,Flaaffy,52.7,53.22,-0.52,72
Skarmory,Pelipper,48.58,49.1,-0.52,83
Snorlax,Sandslash,49.83,50.37,-0.53,66
Lileep,Voltorb,42.57,43.11,-0.53,64
Jolteon,Geodude,47.96,48.49,-0.53,75
Crobat,Spearow,47.2,47.73,-0.53,67
Noctowl,Slugma,48.42,48.95,-0.53,78
Golem,Growlithe,47.85,48.38,-0.53,72
Snorlax,Ninetales,50.03,50.57,-0.54,64
Steelix,Magnemite,47.97,48.52,-0.55,68
Noctowl,Pelipper,49.52,50.06,-0.55,72
Persian,Voltorb,44.67,45.22,-0.55,65
Tentacruel,Magcargo,46.72,47.28,-0.56,69
Magmar,Sandslash,48.87,49.45,-0.57,75
Marowak,Plusle,46.2,46.78,-0.58,86
Persian,Slaking,47.56,48.14,-0.58,66
Steelix,Natu,46.91,47.5,-0.58,69
Electabuzz,Voltorb,47.65,48.24,-0.59,50
Marowak,Gloom,46.95,47.54,-0.59,71
Porygon2,Pidgeotto,48.33,48.92,-0.59,75
Cradily,Cubone,46.8,47.39,-0.59,68
Golem,Sandslash,49.06,49.64,-0.59,79
Feraligatr,Pupitar,51.25,51.86,-0.6,74
Lileep,Blaziken,44.14,44.73,-0.6,76
Snorlax,Miltank,48.94,49.55,-0.6,74
Xatu,Ivysaur,48.34,48.94,-0.6,71
Vibrava,Girafarig,47.44,48.05,-0.61,62
Raichu,Graveler,49.44,50.05,-0.61,69
Donphan,Graveler,51.12,51.73,-0.61,67
Dugtrio,Pupitar,46.39,47.02,-0.62,74
Raichu,Charmeleon,47.9,48.53,-0.62,74
Crobat,Cacturne,47.56,48.2,-0.63,66
Electrode,Trapinch,45.49,46.12,-0.63,69
Azumarill,Trapinch,45.63,46.27,-0.64,56
Noctowl,Gloom,49.24,49.88,-0.64,55
Flareon,Croconaw,47.01,47.65,-0.64,73
Steelix,Golbat,45.57,46.22,-0.65,74
Blissey,Exeggcute,48.68,49.33,-0.65,71
Crobat,Slaking,47.55,48.21,-0.66,83
Vaporeon,Voltorb,44.88,45.55,-0.67,61
Starmie,Sandshrew,47.78,48.45,-0.67,74
Electrike,Pidgeotto,44.58,45.25,-0.67,68
Magmar,Chansey,44.59,45.27,-0.68,82
Miltank,Gloom,45.35,46.03,-0.68,80
Jolteon,Sandshrew,46.5,47.2,-0.7,68
Skarmory,Staryu,49.08,49.77,-0.7,68
Vibrava,Growlithe,47.31,48.02,-0.71,74
Golem,Tentacruel,48.1,48.81,-0.71,69
Rapidash,Voltorb,50.04,50.77,-0.72,64
Steelix,Sandslash,48.65,49.37,-0.72,63
Noctowl,Golbat,48.28,49.0,-0.73,64
Skarmory,Plusle,47.42,48.15,-0.73,62
Slaking,Electrike,45.24,45.98,-0.74,71
Raichu,Ivysaur,47.46,48.2,-0.74,71
Tentacruel,Swampert,44.94,45.67,-0.74,64
Jolteon,Marill,46.79,47.54,-0.75,84
Electrode,Swampert,46.88,47.64,-0.76,61
Magmar,Grovyle,45.97,46.73,-0.76,65
Electabuzz,Magnemite,50.83,51.58,-0.76,62
Slowbro,Ponyta,47.14,47.91,-0.77,83
Dugtrio,Sunflora,45.01,45.78,-0.77,65
Crobat,Quilava,44.74,45.52,-0.78,83
Porygon2,Lileep,48.32,49.1,-0.78,71
Golem,Crobat,49.21,49.99,-0.78,63
Marowak,Vigoroth,44.76,45.55,-0.78,75
Porygon2,Blaziken,47.58,48.38,-0.8,80
Dugtrio,Loudred,46.39,47.2,-0.8,67
Miltank,Tentacruel,46.68,47.48,-0.8,69
Exploud,Voltorb,44.49,45.3,-0.81,64
Skarmory,Psyduck,45.13,45.94,-0.81,77
Persian,Ninetales,48.81,49.61,-0.81,71
Snorlax,Magnemite,48.7,49.52,-0.82,56
Porygon2,Sunflora,46.64,47.46,-0.82,65
Blissey,Croconaw,49.34,50.16,-0.82,74
Jolteon,Sunflora,47.62,48.45,-0.83,69
Crobat,Gloom,46.36,47.2,-0.83,64
Flaaffy,Spearow,47.85,48.69,-0.83,81
Dugtrio,Staryu,47.0,47.84,-0.84,62
Crobat,Lileep,46.8,47.64,-0.84,67
Raichu,Minun,47.83,48.67,-0.84,69
Vaporeon,Electrike,47.02,47.87,-0.85,78
Tentacruel,Ponyta,45.7,46.55,-0.85,73
Flareon,Magneton,50.37,51.22,-0.85,78
Azumarill,Tentacruel,48.73,49.58,-0.85,65
Azumarill,Chansey,45.37,46.23,-0.85,60
Azumarill,Growlithe,48.28,49.14,-0.86,87
Golem,Sunflora,45.31,46.17,-0.86,66
Steelix,Vigoroth,44.23,45.09,-0.86,56
Flaaffy,Slaking,48.3,49.16,-0.86,71
Electrode,Staryu,47.96,48.84,-0.88,75
Noctowl,Voltorb,47.09,47.97,-0.88,82
Magcargo,Golbat,44.08,44.95,-0.88,73
Flaaffy,Girafarig,48.3,49.19,-0.89,64
Miltank,Staryu,46.0,46.89,-0.89,68
Manectric,Trapinch,48.89,49.78,-0.89,62
Snorlax,Dugtrio,49.6,50.5,-0.89,67
Skarmory,Pidgeotto,48.28,49.19,-0.9,62
Electrike,Loudred,44.29,45.19,-0.9,56
Magmar,Spearow,46.8,47.7,-0.9,75
Slaking,Pelipper,44.86,45.77,-0.9,76
Sandslash,Minun,45.05,45.95,-0.9,62
Noctowl,Onix,46.88,47.8,-0.91,75
Marowak,Golem,49.42,50.34,-0.92,79
Flareon,Onix,45.99,46.91,-0.93,74
Raichu,Magneton,50.84,51.78,-0.94,62
Meganium,Pidgeotto,45.86,46.81,-0.95,78
Marowak,Mantine,47.02,47.97,-0.95,76
Girafarig,Swampert,44.3,45.27,-0.96,90
Noctowl,Trapinch,47.06,48.02,-0.96,76
Electrode,Lileep,47.47,48.42,-0.96,83
Magnemite,Swampert,44.7,45.66,-0.96,67
Magnemite,Cacturne,46.04,47.0,-0.96,73
Golem,Gloom,46.4,47.36,-0.96,79
Flygon,Steelix,53.77,54.75,-0.97,73
Feraligatr,Vigoroth,48.85,49.82,-0.97,64
Flygon,Geodude,50.1,51.08,-0.98,69
Vaporeon,Dugtrio,48.89,49.87,-0.98,74
Gloom,Swampert,43.24,44.22,-0.98,66
Golem,Minun,45.49,46.47,-0.98,71
Crobat,Minun,45.33,46.3,-0.98,89
Steelix,Miltank,47.57,48.55,-0.98,81
Skarmory,Slaking,48.93,49.92,-0.99,72
Porygon2,Smeargle,47.74,48.73,-0.99,68
Cradily,Sandshrew,45.81,46.8,-0.99,82
Crobat,Magcargo,47.47,48.46,-0.99,63
Electabuzz,Slugma,48.22,49.22,-1.0,68
Porygon2,Staryu,48.51,49.52,-1.0,65
Raichu,Slowbro,51.37,52.38,-1.01,55
Exploud,Sandslash,48.49,49.5,-1.01,78
Growlithe,Charmeleon,43.52,44.55,-1.02,69
Marowak,Golduck,47.44,48.46,-1.02,72
Steelix,Pidgeotto,46.33,47.36,-1.03,74
Miltank,Spearow,45.53,46.56,-1.03,70
Crobat,Sandslash,48.44,49.48,-1.04,71
Flareon,Pelipper,48.15,49.19,-1.04,72
Typhlosion,Minun,49.75,50.8,-1.05,58
Golem,Loudred,46.53,47.58,-1.05,68
Raichu,Cubone,46.66,47.72,-1.06,82
Steelix,Camerupt,46.66,47.73,-1.07,74
Electabuzz,Raichu,54.07,55.14,-1.07,81
Golem,Voltorb,44.37,45.45,-1.08,79
Cacturne,Golduck,45.4,46.48,-1.08,82
Miltank,Magnemite,46.38,47.47,-1.08,73
Raichu,Grovyle,48.05,49.14,-1.08,72
Starmie,Exeggcute,47.62,48.7,-1.08,74
Exeggutor,Electrike,45.94,47.03,-1.09,74
Marowak,Swampert,46.11,47.2,-1.09,61
Electabuzz,Cubone,47.21,48.3,-1.09,64
Jolteon,Camerupt,49.19,50.28,-1.1,55
Slowbro,Natu,46.69,47.79,-1.1,70
Steelix,Minun,45.1,46.2,-1.1,65
Spearow,Pupitar,44.03,45.14,-1.11,92
Donphan,Growlithe,51.15,52.26,-1.11,64
Jolteon,Cacturne,49.52,50.64,-1.11,62
Sceptile,Wartortle,50.84,51.95,-1.11,55
Girafarig,Cacturne,45.48,46.61,-1.12,68
Flareon,Trapinch,46.03,47.14,-1.12,70
Magcargo,Lileep,45.15,46.28,-1.12,78
Raichu,Miltank,49.9,51.03,-1.13,88
Flaaffy,Sandshrew,44.59,45.72,-1.13,80
Exploud,Loudred,46.3,47.43,-1.13,71
Cradily,Onix,46.02,47.16,-1.13,79
Miltank,Cacturne,45.88,47.03,-1.14,61
Slowbro,Loudred,46.45,47.6,-1.15,66
Flareon,Vigoroth,45.84,47.0,-1.16,59
Electrode,Psyduck,43.84,45.0,-1.16,73
Porygon2,Loudred,47.7,48.87,-1.17,66
Magneton,Electrike,46.02,47.19,-1.17,71
Sandslash,Wartortle,44.36,45.53,-1.17,83
Sandslash,Magneton,47.89,49.06,-1.17,68
Vibrava,Tentacruel,47.29,48.45,-1.17,86
Xatu,Blaziken,48.85,50.03,-1.18,71
Steelix,Exeggutor,47.96,49.15,-1.19,77
Exeggutor,Sunflora,44.25,45.44,-1.19,58
Slowbro,Grovyle,45.77,46.95,-1.19,67
Exeggutor,Ivysaur,44.07,45.26,-1.19,71
Magcargo,Minun,43.74,44.94,-1.19,59
Exeggutor,Growlithe,46.45,47.64,-1.2,68
Electabuzz,Blaziken,48.66,49.87,-1.21,74
Electabuzz,Electrode,52.35,53.56,-1.21,51
Donphan,Sunflora,48.83,50.05,-1.22,69
Magmar,Cubone,44.1,45.32,-1.22,84
Electrode,Camerupt,47.4,48.62,-1.22,73
Slowbro,Mantine,46.59,47.8,-1.22,63
Skarmory,Golem,50.48,51.71,-1.23,57
Sandslash,Golduck,46.53,47.77,-1.23,73
Sandslash,Meganium,47.59,48.82,-1.23,71
Electrode,Mantine,47.16,48.4,-1.24,72
Magmar,Growlithe,46.94,48.18,-1.24,84
Steelix,Spearow,46.37,47.62,-1.25,67
Exeggutor,Meganium,47.35,48.6,-1.25,68
Feraligatr,Ivysaur,49.2,50.45,-1.25,58
Azumarill,Ivysaur,45.51,46.75,-1.25,71
Azumarill,Magcargo,48.12,49.39,-1.26,70
Snorlax,Quilava,45.14,46.4,-1.26,84
Lileep,Pelipper,43.93,45.2,-1.27,66
Porygon2,Sandslash,49.67,50.94,-1.27,71
Raichu,Lileep,48.73,50.01,-1.28,67
Ninetales,Meganium,47.74,49.02,-1.28,73
Cacturne,Golbat,43.4,44.69,-1.29,59
Ninetales,Spearow,46.3,47.59,-1.29,75
Steelix,Gloom,45.8,47.09,-1.29,63
Xatu,Magcargo,50.28,51.57,-1.29,71
Golem,Staryu,46.93,48.22,-1.3,71
Golem,Cacturne,47.06,48.36,-1.3,60
Vaporeon,Staryu,47.02,48.32,-1.3,65
Spearow,Ponyta,44.32,45.63,-1.31,65
Magmar,Slugma,44.93,46.24,-1.31,71
Magnemite,Slaking,45.71,47.02,-1.31,74
Dugtrio,Pidgeotto,45.93,47.25,-1.32,65
Raichu,Staryu,49.1,50.42,-1.32,68
Graveler,Pelipper,43.92,45.24,-1.32,67
Slowbro,Spearow,46.6,47.92,-1.32,68
Porygon2,Graveler,47.81,49.14,-1.33,62
Lileep,Natu,44.09,45.42,-1.33,62
Golem,Golduck,46.94,48.28,-1.34,60
Dugtrio,Pelipper,45.81,47.16,-1.35,64
Electrode,Golduck,47.55,48.89,-1.35,61
Exeggutor,Pelipper,45.47,46.81,-1.35,72
Dugtrio,Exeggutor,47.68,49.04,-1.36,85
Golem,Golbat,45.13,46.49,-1.36,75
Donphan,Minun,48.98,50.35,-1.37,71
Exeggutor,Swampert,44.91,46.28,-1.37,73
Azumarill,Graveler,47.24,48.61,-1.37,76
Azumarill,Sunflora,45.56,46.93,-1.37,83
Magneton,Smeargle,45.5,46.86,-1.37,82
Manectric,Blaziken,49.99,51.36,-1.37,63
Jolteon,Smeargle,48.34,49.72,-1.38,69
Flaaffy,Loudred,46.98,48.36,-1.38,65
Electrode,Plusle,45.84,47.22,-1.38,87
Azumarill,Minun,45.85,47.23,-1.38,82
Snorlax,Lileep,47.14,48.53,-1.39,66
Girafarig,Camerupt,44.87,46.25,-1.39,69
Blissey,Psyduck,47.14,48.53,-1.4,88
Exeggutor,Girafarig,46.27,47.67,-1.4,68
Flaaffy,Minun,45.86,47.25,-1.4,66
Vaporeon,Sunflora,44.86,46.27,-1.41,61
Steelix,Girafarig,46.72,48.13,-1.41,63
Xatu,Sunflora,47.71,49.11,-1.41,78
Jolteon,Ponyta,48.76,50.16,-1.41,81
Magmar,Staryu,46.62,48.02,-1.41,66
Raichu,Exeggcute,45.97,47.38,-1.41,66
Growlithe,Blaziken,43.89,45.3,-1.41,62
Skarmory,Minun,46.61,48.02,-1.41,59
Marowak,Sandslash,48.41,49.83,-1.42,70
Azumarill,Psyduck,43.72,45.14,-1.42,65
Skarmory,Lileep,47.93,49.36,-1.43,84
Cacturne,Geodude,42.99,44.42,-1.43,82
Typhlosion,Pupitar,50.3,51.73,-1.44,70
Exeggutor,Plusle,44.42,45.86,-1.44,68
Golem,Mantine,46.34,47.78,-1.44,59
Persian,Girafarig,46.71,48.17,-1.46,63
Flareon,Swampert,47.19,48.66,-1.46,70
Rapidash,Croconaw,49.87,51.33,-1.46,55
Porygon2,Slaking,48.2,49.67,-1.46,75
Crobat,Staryu,46.59,48.06,-1.47,68
Cradily,Ivysaur,46.4,47.87,-1.47,67
Cradily,Wartortle,46.44,47.92,-1.48,67
Magneton,Ponyta,45.83,47.31,-1.48,89
Cacturne,Loudred,44.3,45.78,-1.48,67
Ninetales,Tentacruel,47.01,48.5,-1.49,69
Feraligatr,Voltorb,48.41,49.91,-1.5,69
Steelix,Wartortle,44.27,45.77,-1.5,66
Steelix,Cacturne,46.57,48.09,-1.51,65
Sandslash,Ponyta,45.87,47.38,-1.51,69
Golduck,Lileep,44.41,45.93,-1.52,62
Exploud,Natu,46.1,47.62,-1.52,71
Electrike,Wartortle,42.14,43.66,-1.52,63
Snorlax,Marill,44.46,45.98,-1.52,62
Noctowl,Psyduck,45.37,46.9,-1.53,72
Vaporeon,Graveler,46.41,47.95,-1.53,68
Marowak,Pelipper,46.19,47.73,-1.54,50
Skarmory,Wartortle,46.04,47.59,-1.55,67
Cacturne,Chansey,42.11,43.67,-1.56,57
Crobat,Blaziken,45.36,46.92,-1.56,63
Exeggutor,Ponyta,45.59,47.16,-1.56,64
Steelix,Pupitar,45.56,47.12,-1.56,61
Meganium,Girafarig,46.02,47.58,-1.56,66
Steelix,Magcargo,46.78,48.35,-1.57,72
Dugtrio,Ponyta,45.93,47.5,-1.57,70
Vaporeon,Pelipper,46.07,47.64,-1.58,58
Porygon2,Quilava,45.39,46.97,-1.58,60
Donphan,Onix,47.58,49.16,-1.58,62
Miltank,Golduck,45.35,46.95,-1.59,71
Magmar,Gloom,45.57,47.16,-1.59,68
Camerupt,Golbat,42.74,44.34,-1.6,63
Meganium,Camerupt,45.58,47.19,-1.6,63
Golduck,Graveler,44.37,45.97,-1.6,65
Vaporeon,Exeggutor,47.92,49.52,-1.6,66
Exeggutor,Mantine,45.45,47.05,-1.6,62
Exploud,Lileep,46.05,47.66,-1.61,59
Skarmory,Ivysaur,45.93,47.55,-1.61,63
Snorlax,Grovyle,46.04,47.66,-1.62,73
Magnemite,Croconaw,43.03,44.66,-1.62,76
Blissey,Trapinch,48.04,49.66,-1.62,76
Meganium,Croconaw,43.56,45.19,-1.63,63
Meganium,Smeargle,44.99,46.62,-1.63,66
Exeggutor,Loudred,45.21,46.84,-1.64,85
Spearow,Gloom,43.46,45.1,-1.64,79
Electabuzz,Chansey,46.61,48.25,-1.64,66
Magneton,Pidgeotto,45.42,47.05,-1.64,78
Magmar,Vigoroth,43.53,45.16,-1.64,66
Snorlax,Wartortle,45.11,46.77,-1.66,62
Golem,Wartortle,44.38,46.05,-1.66,59
Steelix,Croconaw,44.08,45.74,-1.66,74
Ninetales,Ponyta,45.92,47.58,-1.66,64
Steelix,Grovyle,44.99,46.66,-1.67,64
Steelix,Swampert,45.07,46.75,-1.67,81
Electrode,Spearow,46.85,48.52,-1.67,71
Golduck,Blaziken,43.52,45.2,-1.68,70
Golduck,Voltorb,41.89,43.58,-1.68,59
Xatu,Spearow,49.16,50.84,-1.68,74
Ninetales,Hoothoot,42.12,43.81,-1.69,69
Marowak,Steelix,48.37,50.06,-1.69,69
Magcargo,Loudred,44.35,46.05,-1.69,79
Tentacruel,Plusle,43.57,45.25,-1.69,73
Camerupt,Natu,43.93,45.62,-1.69,74
Ninetales,Plusle,44.59,46.29,-1.7,67
Growlithe,Pidgeotto,44.15,45.86,-1.71,88
Crobat,Miltank,46.94,48.66,-1.72,74
Magcargo,Cacturne,45.09,46.83,-1.73,58
Electrode,Vigoroth,44.25,45.98,-1.73,69
Flareon,Cacturne,48.25,50.0,-1.74,76
Ponyta,Lileep,43.8,45.54,-1.74,64
Exploud,Cacturne,46.46,48.21,-1.75,66
Crobat,Swampert,45.1,46.86,-1.75,60
Dugtrio,Blaziken,44.95,46.7,-1.75,72
Tentacruel,Magnemite,45.69,47.45,-1.76,65
Flareon,Grovyle,46.81,48.57,-1.76,73
Dugtrio,Wartortle,43.89,45.66,-1.77,75
Porygon2,Psyduck,43.9,45.67,-1.77,67
Jolteon,Swampert,47.52,49.3,-1.77,68
Snorlax,Onix,44.23,46.0,-1.77,76
Steelix,Sunflora,44.11,45.89,-1.78,71
Cacturne,Staryu,44.64,46.42,-1.79,58
Azumarill,Staryu,47.2,48.98,-1.79,71
Flaaffy,Ponyta,46.89,48.67,-1.79,73
Slowbro,Magmar,48.19,49.98,-1.79,72
Pupitar,Quilava,41.13,42.92,-1.79,62
Exploud,Exeggutor,47.47,49.27,-1.8,74
Porygon2,Ivysaur,45.49,47.28,-1.8,80
Magneton,Golduck,45.89,47.7,-1.81,72
Raichu,Sandshrew,45.32,47.13,-1.81,67
Sandslash,Staryu,45.89,47.71,-1.82,52
Miltank,Quilava,42.52,44.34,-1.83,69
Magnemite,Voltorb,42.27,44.09,-1.83,80
Jolteon,Minun,46.92,48.75,-1.83,80
Cradily,Tentacruel,48.86,50.69,-1.83,87
Marowak,Ponyta,46.23,48.07,-1.84,66
Electrode,Slugma,45.21,47.05,-1.84,64
Flareon,Electrike,47.57,49.41,-1.84,69
Snorlax,Blaziken,45.96,47.8,-1.84,73
Vibrava,Trapinch,43.3,45.15,-1.85,68
Raichu,Magnemite,49.15,51.0,-1.85,86
Ninetales,Natu,45.61,47.46,-1.85,72
Xatu,Exeggcute,46.27,48.12,-1.85,75
Cacturne,Smeargle,43.79,45.64,-1.85,67
Flygon,Wartortle,49.06,50.91,-1.85,71
Ninetales,Magnemite,46.63,48.49,-1.86,62
Slowbro,Pelipper,45.71,47.57,-1.86,83
Noctowl,Croconaw,46.66,48.53,-1.87,78
Slowbro,Meganium,47.48,49.36,-1.88,68
Staryu,Golbat,42.68,44.55,-1.88,76
Xatu,Croconaw,47.08,48.96,-1.88,71
Pidgeotto,Marill,40.86,42.74,-1.88,67
Electabuzz,Minun,47.37,49.25,-1.89,73
Flaaffy,Voltorb,44.35,46.24,-1.89,64
Tentacruel,Lileep,44.57,46.47,-1.89,64
Smeargle,Wartortle,41.43,43.33,-1.9,71
Typhlosion,Pelipper,49.99,51.88,-1.9,72
Vaporeon,Swampert,45.2,47.12,-1.91,80
Growlithe,Lileep,44.12,46.03,-1.91,76
Jolteon,Loudred,47.95,49.86,-1.91,68
Ninetales,Cacturne,46.14,48.05,-1.91,71
Crobat,Onix,43.2,45.11,-1.92,82
Electrode,Dugtrio,48.47,50.39,-1.92,55
Ninetales,Lileep,45.58,47.5,-1.92,72
Marowak,Sunflora,44.43,46.35,-1.92,78
Vibrava,Magcargo,46.34,48.27,-1.93,77
Exeggutor,Chansey,42.8,44.73,-1.93,67
Meganium,Blaziken,44.33,46.26,-1.93,69
Raichu,Croconaw,46.29,48.22,-1.93,78
Exploud,Slaking,46.29,48.23,-1.93,65
Pupitar,Voltorb,40.76,42.7,-1.94,66
Blissey,Vigoroth,47.58,49.52,-1.94,68
Staryu,Electrike,43.9,45.84,-1.94,64
Slowbro,Magcargo,46.7,48.65,-1.94,81
Magmar,Cacturne,46.21,48.16,-1.95,76
Jolteon,Grovyle,47.25,49.21,-1.96,83
Golem,Plusle,44.64,46.6,-1.96,78
Xatu,Pelipper,48.53,50.49,-1.97,59
Magmar,Miltank,46.65,48.62,-1.97,79
Flaaffy,Exeggutor,48.24,50.21,-1.97,61
Meganium,Vigoroth,42.57,44.54,-1.97,67
Staryu,Sunflora,42.26,44.23,-1.98,89
Flareon,Loudred,47.23,49.22,-1.98,79
Ponyta,Electrike,43.51,45.5,-1.99,60
Slaking,Graveler,44.07,46.06,-2.0,68
Jolteon,Slugma,46.71,48.72,-2.0,72
Skarmory,Swampert,46.56,48.57,-2.01,64
Flareon,Chansey,45.09,47.1,-2.01,72
Marowak,Geodude,44.39,46.4,-2.01,69
Scyther,Hoothoot,47.65,49.67,-2.02,70
Magmar,Mantine,45.57,47.58,-2.02,66
Persian,Sunflora,43.91,45.94,-2.02,70
Girafarig,Growlithe,44.59,46.62,-2.03,75
Magcargo,Graveler,44.29,46.31,-2.03,69
Vaporeon,Slaking,46.43,48.47,-2.04,79
Ponyta,Graveler,43.54,45.58,-2.04,71
Flaaffy,Grovyle,45.68,47.72,-2.04,70
Skarmory,Geodude,45.73,47.77,-2.04,72
Miltank,Charmeleon,42.95,44.99,-2.04,63
Cradily,Golbat,46.33,48.36,-2.04,67
Exeggutor,Spearow,45.12,47.16,-2.05,84
Persian,Charmeleon,44.04,46.09,-2.05,81
Slowbro,Magnemite,46.76,48.82,-2.06,81
Cacturne,Minun,42.6,44.67,-2.07,63
Donphan,Exeggcute,46.98,49.05,-2.08,50
Crobat,Voltorb,43.2,45.29,-2.09,73
Xatu,Sandshrew,45.79,47.88,-2.09,75
Xatu,Voltorb,46.31,48.4,-2.09,68
Cacturne,Slugma,42.54,44.64,-2.1,72
Ponyta,Ivysaur,41.63,43.72,-2.1,84
Tentacruel,Gloom,43.9,46.02,-2.11,77
Sandslash,Quilava,43.06,45.17,-2.11,72
Crobat,Meganium,47.05,49.17,-2.12,83
Cradily,Gloom,47.11,49.23,-2.13,72
Cradily,Lileep,47.56,49.69,-2.13,63
Gloom,Voltorb,40.52,42.66,-2.13,84
Snorlax,Psyduck,42.97,45.11,-2.14,86
Magcargo,Spearow,44.22,46.37,-2.14,72
Ninetales,Minun,44.02,46.16,-2.14,70
Slowbro,Exeggcute,43.05,45.2,-2.14,67
Meganium,Grovyle,43.97,46.11,-2.14,75
Persian,Croconaw,43.63,45.78,-2.15,73
Steelix,Magneton,47.16,49.3,-2.15,64
Mantine,Trapinch,40.99,43.13,-2.15,76
Starmie,Grovyle,48.3,50.46,-2.16,55
Ninetales,Sunflora,43.7,45.86,-2.16,68
Porygon2,Natu,46.89,49.06,-2.17,71
Golduck,Sandshrew,40.88,43.05,-2.17,83
Flareon,Psyduck,43.85,46.02,-2.17,66
Porygon2,Hoothoot,43.23,45.41,-2.18,70
Slaking,Camerupt,44.04,46.23,-2.19,58
Tentacruel,Electrike,44.23,46.42,-2.19,46
Pidgeotto,Plusle,41.89,44.08,-2.19,78
Wartortle,Chansey,39.15,41.35,-2.2,71
Exploud,Magmar,47.61,49.81,-2.2,73
Vibrava,Pelipper,44.99,47.19,-2.2,53
Meganium,Magnemite,45.78,47.97,-2.2,75
Slowbro,Graveler,45.67,47.87,-2.2,60
Flaaffy,Trapinch,44.09,46.3,-2.2,69
Magnemite,Magcargo,45.06,47.27,-2.21,61
Meganium,Slaking,45.34,47.55,-2.21,74
Magneton,Magcargo,45.83,48.05,-2.21,73
Typhlosion,Croconaw,48.12,50.35,-2.22,84
Donphan,Trapinch,47.17,49.39,-2.22,58
Marowak,Ivysaur,43.95,46.17,-2.22,79
Sandslash,Grovyle,44.19,46.42,-2.23,69
Vaporeon,Golbat,44.36,46.59,-2.23,65
Snorlax,Ponyta,46.38,48.61,-2.23,86
Magcargo,Swampert,43.26,45.48,-2.23,70
Azumarill,Magneton,48.11,50.34,-2.23,64
Slowbro,Marill,43.04,45.28,-2.24,68
Magnemite,Growlithe,44.77,47.02,-2.25,76
Skarmory,Girafarig,47.7,49.95,-2.25,60
Pupitar,Sandshrew,39.91,42.17,-2.26,59
Tentacruel,Mantine,44.18,46.44,-2.26,71
Steelix,Blaziken,44.55,46.81,-2.26,81
Flaaffy,Lileep,46.34,48.59,-2.26,57
Ponyta,Mantine,43.24,45.52,-2.27,70
Smeargle,Golbat,41.5,43.77,-2.28,59
Raichu,Voltorb,45.38,47.66,-2.28,60
Graveler,Blaziken,42.5,44.77,-2.28,63
Dugtrio,Smeargle,44.78,47.06,-2.28,88
Loudred,Pelipper,42.69,44.97,-2.28,74
Pupitar,Swampert,41.97,44.26,-2.29,62
Cradily,Croconaw,45.6,47.89,-2.29,73
Magmar,Tentacruel,46.33,48.61,-2.29,51
Golduck,Natu,43.59,45.89,-2.3,69
Ponyta,Swampert,42.44,44.75,-2.31,76
Staryu,Loudred,43.34,45.64,-2.31,76
Jolteon,Vigoroth,45.33,47.64,-2.31,58
Slowbro,Blaziken,44.8,47.11,-2.31,57
Miltank,Magcargo,44.98,47.29,-2.31,60
Porygon2,Croconaw,44.98,47.3,-2.32,67
Xatu,Slugma,47.06,49.38,-2.33,84
Magneton,Wartortle,43.14,45.47,-2.33,56
Sceptile,Hoothoot,47.7,50.03,-2.33,79
Pelipper,Geodude,41.28,43.61,-2.33,83
Raichu,Smeargle,47.32,49.64,-2.33,72
Golduck,Smeargle,43.24,45.56,-2.33,66
Tentacruel,Chansey,41.79,44.12,-2.33,67
Ninetales,Smeargle,44.8,47.13,-2.34,71
Magnemite,Lileep,44.1,46.45,-2.35,69
Azumarill,Onix,43.68,46.04,-2.36,66
Flareon,Ivysaur,45.27,47.63,-2.36,66
Magmar,Croconaw,43.45,45.81,-2.36,80
Lileep,Quilava,40.97,43.33,-2.36,74
Pidgeotto,Gloom,42.47,44.84,-2.36,82
Marowak,Vibrava,47.62,49.98,-2.36,71
Graveler,Golbat,41.82,44.18,-2.36,84
Golem,Grovyle,44.56,46.94,-2.37,73
Magnemite,Pupitar,43.67,46.04,-2.37,70
Vibrava,Blaziken,44.35,46.72,-2.38,73
Exeggutor,Charmeleon,43.21,45.59,-2.38,72
Jolteon,Golduck,48.17,50.55,-2.38,70
Lileep,Golbat,41.76,44.14,-2.38,69
Miltank,Golbat,42.77,45.16,-2.39,76
Typhlosion,Voltorb,47.39,49.79,-2.4,64
Vibrava,Chansey,42.71,45.11,-2.4,68
Marowak,Smeargle,45.23,47.62,-2.4,56
Vaporeon,Slugma,44.13,46.53,-2.41,68
Exploud,Trapinch,42.95,45.36,-2.41,71
Raichu,Electrike,47.56,49.97,-2.41,59
Vaporeon,Ivysaur,43.68,46.09,-2.41,65
Golem,Onix,42.86,45.28,-2.42,69
Manectric,Grovyle,48.79,51.21,-2.42,75
Meganium,Graveler,44.61,47.02,-2.42,72
Raichu,Golbat,46.26,48.69,-2.43,52
Azumarill,Crobat,48.32,50.75,-2.43,73
Cacturne,Cubone,41.29,43.72,-2.43,65
Exeggutor,Trapinch,42.34,44.77,-2.43,81
Spearow,Swampert,42.32,44.76,-2.44,76
Sandslash,Gloom,44.4,46.84,-2.45,67
Meganium,Onix,42.0,44.45,-2.45,76
Slaking,Natu,43.53,45.98,-2.46,61
Persian,Golbat,43.79,46.25,-2.47,74
Slowbro,Smeargle,44.99,47.47,-2.47,63
Girafarig,Spearow,43.67,46.14,-2.47,70
Noctowl,Pidgeotto,47.67,50.15,-2.48,66
Sandslash,Tentacruel,45.82,48.3,-2.48,70
Exploud,Steelix,47.26,49.73,-2.48,83
Slaking,Spearow,43.64,46.12,-2.48,69
Loudred,Blaziken,42.03,44.5,-2.48,73
Snorlax,Pelipper,45.78,48.27,-2.49,77
Jolteon,Exeggcute,44.95,47.45,-2.5,56
Magneton,Graveler,44.77,47.27,-2.5,62
Golem,Girafarig,45.91,48.41,-2.5,71
Persian,Slugma,43.7,46.2,-2.5,62
Dugtrio,Quilava,42.8,45.3,-2.5,75
Steelix,Sandshrew,42.14,44.66,-2.51,88
Porygon2,Magneton,48.36,50.87,-2.51,87
Magneton,Gloom,44.27,46.78,-2.51,70
Vaporeon,Sandshrew,42.51,45.03,-2.51,67
Magmar,Ponyta,45.17,47.69,-2.52,85
Slaking,Mantine,43.47,46.0,-2.53,72
Slaking,Slugma,42.12,44.66,-2.53,73
Ninetales,Ivysaur,43.14,45.69,-2.54,76
Sandslash,Electrike,44.72,47.26,-2.54,67
Porygon2,Grovyle,45.69,48.23,-2.54,75
Miltank,Pidgeotto,43.76,46.3,-2.54,54
Camerupt,Gloom,42.67,45.21,-2.54,60
Tentacruel,Golduck,44.38,46.94,-2.55,72
Raichu,Loudred,47.23,49.78,-2.55,60
Jolteon,Quilava,45.4,47.95,-2.55,74
Slaking,Wartortle,41.7,44.26,-2.56,66
Magnemite,Cubone,41.6,44.16,-2.56,64
Cradily,Psyduck,43.7,46.26,-2.56,74
Slowbro,Plusle,44.05,46.62,-2.57,63
Flaaffy,Wartortle,44.26,46.83,-2.57,71
Mantine,Swampert,42.07,44.64,-2.58,62
Marowak,Natu,45.37,47.95,-2.58,81
Raichu,Quilava,45.3,47.88,-2.58,61
Natu,Pupitar,42.43,45.01,-2.58,65
Natu,Minun,41.5,44.08,-2.58,66
Girafarig,Voltorb,41.11,43.7,-2.59,64
Loudred,Ivysaur,40.82,43.41,-2.6,66
Dugtrio,Cacturne,45.38,47.98,-2.6,59
Exploud,Charmeleon,43.58,46.17,-2.6,77
Flaaffy,Croconaw,44.19,46.8,-2.61,79
Blaziken,Swampert,41.34,43.95,-2.61,50
Vibrava,Spearow,44.93,47.54,-2.61,87
Magneton,Growlithe,45.19,47.8,-2.61,71
Exploud,Magnemite,46.04,48.65,-2.61,59
Girafarig,Pelipper,43.18,45.8,-2.62,76
Crobat,Trapinch,42.72,45.34,-2.62,68
Raichu,Chansey,45.04,47.67,-2.62,65
Magcargo,Ponyta,43.73,46.36,-2.62,75
Skarmory,Golbat,45.42,48.04,-2.62,56
Vaporeon,Grovyle,44.41,47.03,-2.62,82
Marowak,Blaziken,44.63,47.27,-2.63,74
Sandslash,Girafarig,45.26,47.89,-2.63,72
Cacturne,Ponyta,43.46,46.09,-2.63,62
Vibrava,Geodude,43.23,45.86,-2.63,69
Marowak,Chansey,43.01,45.65,-2.63,72
Sandslash,Growlithe,45.23,47.87,-2.63,86
Skarmory,Trapinch,44.42,47.06,-2.64,57
Staryu,Smeargle,42.86,45.51,-2.65,74
Miltank,Swampert,43.03,45.69,-2.65,83
Golem,Ninetales,47.19,49.85,-2.66,80
Dugtrio,Psyduck,41.34,44.0,-2.66,81
Dugtrio,Swampert,43.97,46.64,-2.66,72
Cacturne,Swampert,42.55,45.22,-2.67,77
Persian,Ponyta,44.98,47.66,-2.67,75
Porygon2,Exeggcute,43.8,46.47,-2.67,81
Geodude,Croconaw,39.4,42.07,-2.67,63
Girafarig,Geodude,41.79,44.46,-2.67,75
Pupitar,Slugma,41.01,43.68,-2.67,68
Minun,Quilava,39.31,41.99,-2.68,67
Meganium,Geodude,42.71,45.39,-2.68,67
Vaporeon,Pidgeotto,45.05,47.73,-2.68,81
Girafarig,Golduck,43.84,46.52,-2.69,65
Vaporeon,Geodude,43.62,46.31,-2.69,75
Magmar,Blaziken,44.2,46.88,-2.69,74
Mantine,Minun,41.39,44.09,-2.7,59
Dugtrio,Croconaw,42.93,45.63,-2.7,67
Slaking,Golbat,42.01,44.7,-2.7,69
Porygon2,Cacturne,46.94,49.65,-2.71,72
Vibrava,Gloom,44.29,47.0,-2.71,75
Cradily,Pelipper,46.72,49.42,-2.71,67
Staryu,Exeggcute,40.53,43.24,-2.71,69
Golem,Ponyta,45.17,47.89,-2.72,74
Girafarig,Trapinch,41.03,43.75,-2.72,78
Exeggutor,Cacturne,44.9,47.62,-2.72,61
Electabuzz,Plusle,46.65,49.38,-2.73,68
Graveler,Minun,41.43,44.16,-2.73,67
Flaaffy,Marill,43.32,46.05,-2.73,78
Magmar,Sunflora,43.24,45.97,-2.73,78
Cradily,Girafarig,47.54,50.28,-2.74,63
Cradily,Marill,44.4,47.14,-2.74,61
Vibrava,Sandslash,46.54,49.28,-2.74,72
Skarmory,Chansey,44.28,47.02,-2.74,81
Porygon2,Plusle,45.14,47.89,-2.75,71
Azumarill,Slugma,44.45,47.2,-2.75,79
Raichu,Onix,44.73,47.48,-2.75,73
Exploud,Golduck,45.38,48.13,-2.75,71
Lileep,Trapinch,40.41,43.16,-2.75,78
Meganium,Quilava,42.08,44.86,-2.77,68
Slowbro,Lileep,45.06,47.83,-2.77,73
Miltank,Ivysaur,41.89,44.66,-2.77,73
Starmie,Wartortle,46.8,49.57,-2.77,67
Ninetales,Magcargo,45.55,48.31,-2.77,70
Swampert,Ivysaur,40.08,42.86,-2.77,74
Xatu,Onix,45.44,48.22,-2.78,66
Crobat,Grovyle,43.99,46.77,-2.78,64
Donphan,Geodude,47.32,50.09,-2.78,49
Azumarill,Miltank,46.8,49.59,-2.78,74
Exeggutor,Slaking,44.86,47.64,-2.78,77
Slaking,Gloom,42.77,45.58,-2.8,66
Magneton,Hoothoot,40.74,43.54,-2.8,59
Magneton,Sandshrew,41.55,44.35,-2.8,73
Growlithe,Pupitar,42.81,45.62,-2.81,58
Electrode,Wartortle,43.85,46.66,-2.81,66
Electrode,Gloom,45.15,47.98,-2.82,68
Vibrava,Cacturne,45.18,48.0,-2.82,62
Golduck,Golbat,41.79,44.61,-2.82,75
Loudred,Grovyle,41.53,44.36,-2.82,61
Steelix,Vibrava,46.7,49.52,-2.82,64
Steelix,Loudred,44.47,47.3,-2.83,71
Slaking,Geodude,41.6,44.43,-2.83,69
Persian,Pelipper,44.47,47.31,-2.84,63
Camerupt,Swampert,42.03,44.87,-2.84,53
Vaporeon,Golduck,45.53,48.38,-2.84,63
Ponyta,Pelipper,42.43,45.28,-2.85,79
Magnemite,Ponyta,43.68,46.53,-2.85,86
Porygon2,Magnemite,47.23,50.09,-2.86,72
Steelix,Meganium,46.2,49.06,-2.86,76
Xatu,Psyduck,44.47,47.33,-2.86,72
Sandslash,Graveler,44.47,47.34,-2.87,72
Persian,Graveler,44.74,47.61,-2.87,72
Miltank,Marill,41.06,43.93,-2.87,54
Vaporeon,Quilava,42.9,45.78,-2.88,73
Exploud,Pidgeotto,44.61,47.48,-2.88,67
Donphan,Sandshrew,45.93,48.81,-2.88,62
Azumarill,Croconaw,43.88,46.77,-2.89,73
Sandslash,Exeggcute,41.77,44.66,-2.89,62
Crobat,Vigoroth,42.3,45.2,-2.9,62
Magneton,Pupitar,43.92,46.82,-2.9,65
Exploud,Ivysaur,42.95,45.84,-2.9,60
Cradily,Quilava,44.65,47.55,-2.9,61
Graveler,Electrike,42.55,45.46,-2.91,63
Meganium,Staryu,44.49,47.4,-2.91,84
Gloom,Chansey,39.76,42.67,-2.91,72
Manectric,Voltorb,46.81,49.73,-2.92,67
Staryu,Charmeleon,41.47,44.39,-2.92,59
Vibrava,Slugma,43.16,46.08,-2.92,77
Azumarill,Plusle,44.44,47.36,-2.92,85
Marowak,Marill,42.52,45.45,-2.92,69
Steelix,Pelipper,44.35,47.27,-2.93,72
Vaporeon,Tentacruel,45.98,48.91,-2.93,66
Porygon2,Geodude,44.57,47.51,-2.93,77
Staryu,Geodude,41.34,44.28,-2.94,72
Flareon,Sandshrew,43.62,46.56,-2.94,82
Porygon2,Minun,44.82,47.76,-2.94,72
Geodude,Cubone,38.64,41.58,-2.94,73
Exploud,Mantine,44.7,47.63,-2.94,70
Dugtrio,Chansey,42.13,45.08,-2.95,71
Azumarill,Gloom,45.17,48.12,-2.95,74
Golduck,Staryu,43.38,46.34,-2.96,92
Golduck,Grovyle,42.09,45.05,-2.96,85
Skarmory,Natu,46.36,49.32,-2.96,67
Snorlax,Voltorb,43.21,46.17,-2.96,72
Girafarig,Chansey,40.75,43.71,-2.96,61
Golem,Swampert,44.06,47.02,-2.96,72
Dugtrio,Girafarig,45.05,48.02,-2.97,83
Golduck,Cubone,40.67,43.64,-2.97,79
Dugtrio,Minun,43.11,46.09,-2.98,65
Spearow,Graveler,42.61,45.59,-2.98,66
Golduck,Geodude,41.36,44.34,-2.98,72
Crobat,Pelipper,44.4,47.38,-2.99,78
Ninetales,Mantine,44.48,47.47,-2.99,60
Skarmory,Hoothoot,42.67,45.67,-3.0,63
Vibrava,Golduck,44.92,47.92,-3.0,72
Dugtrio,Sandshrew,41.54,44.55,-3.01,59
Marowak,Cubone,42.69,45.7,-3.01,60
Staryu,Natu,42.82,45.84,-3.01,78
Sandslash,Vigoroth,41.84,44.85,-3.01,77
Magneton,Golbat,42.89,45.91,-3.02,82
Vibrava,Wartortle,42.66,45.69,-3.02,65
Crobat,Croconaw,42.83,45.85,-3.02,74
Exeggutor,Graveler,44.09,47.11,-3.03,81
Flareon,Hoothoot,42.72,45.75,-3.03,61
Porygon2,Growlithe,46.64,49.67,-3.03,80
Sandslash,Plusle,43.06,46.09,-3.03,69
Girafarig,Staryu,43.44,46.47,-3.03,66
Ninetales,Loudred,44.24,47.27,-3.03,71
Cacturne,Lileep,42.97,46.01,-3.04,73
Tentacruel,Smeargle,43.06,46.1,-3.04,66
Crobat,Slugma,43.23,46.27,-3.04,67
Meganium,Mantine,43.92,46.96,-3.04,73
Exploud,Magcargo,45.44,48.48,-3.04,68
Magmar,Minun,43.22,46.27,-3.05,66
Snorlax,Trapinch,43.18,46.23,-3.05,80
Snorlax,Growlithe,46.05,49.1,-3.05,68
Ninetales,Golbat,43.13,46.18,-3.05,66
Golduck,Loudred,42.64,45.7,-3.06,72
Pidgeotto,Minun,40.89,43.95,-3.06,70
Steelix,Hoothoot,40.78,43.84,-3.06,73
Girafarig,Pidgeotto,42.82,45.88,-3.06,69
Magcargo,Girafarig,43.81,46.87,-3.06,64
Miltank,Vigoroth,40.96,44.03,-3.07,77
Sandslash,Natu,44.19,47.26,-3.07,69
Magneton,Swampert,43.37,46.44,-3.07,90
Dugtrio,Onix,41.82,44.89,-3.07,71
Growlithe,Wartortle,41.19,44.27,-3.08,71
Magmar,Electrike,44.49,47.57,-3.08,76
Jolteon,Hoothoot,43.3,46.39,-3.09,80
Golduck,Pidgeotto,42.66,45.75,-3.09,71
Porygon2,Trapinch,43.71,46.8,-3.09,67
Magneton,Miltank,45.14,48.25,-3.1,70
Blaziken,Wartortle,39.86,42.97,-3.11,69
Vibrava,Golbat,43.02,46.13,-3.11,57
Tentacruel,Trapinch,41.03,44.16,-3.13,70
Vibrava,Swampert,43.53,46.66,-3.13,81
Meganium,Spearow,43.95,47.08,-3.13,77
Flaaffy,Vigoroth,43.02,46.15,-3.13,69
Tentacruel,Onix,40.8,43.94,-3.14,81
Sandslash,Exeggutor,45.77,48.91,-3.14,60
Girafarig,Croconaw,41.12,44.26,-3.14,81
Skarmory,Electrike,46.18,49.32,-3.14,72
Raichu,Plusle,45.65,48.8,-3.15,83
Cradily,Sunflora,44.89,48.05,-3.15,72
Electrike,Gloom,41.81,44.97,-3.16,73
Electrike,Sandshrew,39.36,42.54,-3.18,67
Fearow,Hoothoot,47.55,50.72,-3.18,58
Mantine,Wartortle,40.48,43.67,-3.19,62
Typhlosion,Psyduck,45.53,48.72,-3.19,79
Tentacruel,Growlithe,43.84,47.03,-3.19,79
Ponyta,Natu,42.3,45.5,-3.2,64
Sunflora,Sandshrew,37.74,40.94,-3.2,76
Exploud,Quilava,42.33,45.53,-3.2,69
Golduck,Exeggcute,40.1,43.3,-3.2,66
Golduck,Camerupt,42.93,46.13,-3.2,67
Steelix,Plusle,43.12,46.33,-3.2,80
Starmie,Hoothoot,44.43,47.64,-3.21,54
Donphan,Chansey,46.14,49.34,-3.21,63
Crobat,Chansey,42.09,45.3,-3.21,58
Slowbro,Quilava,42.49,45.7,-3.21,82
Gloom,Charmeleon,40.3,43.53,-3.22,71
Jolteon,Gloom,46.42,49.64,-3.22,78
Magcargo,Natu,43.02,46.23,-3.22,76
Snorlax,Vaporeon,47.75,50.98,-3.22,63
Marowak,Girafarig,45.36,48.59,-3.23,68
Starmie,Psyduck,44.68,47.91,-3.23,86
Tentacruel,Girafarig,43.82,47.06,-3.24,65
Porygon2,Voltorb,43.5,46.75,-3.24,63
Lileep,Exeggcute,39.59,42.83,-3.24,72
Snorlax,Pidgeotto,45.1,48.36,-3.25,67
Persian,Pupitar,43.91,47.16,-3.25,81
Slowbro,Onix,42.05,45.3,-3.25,59
Magneton,Spearow,44.07,47.32,-3.25,79
Graveler,Quilava,40.11,43.37,-3.26,73
Girafarig,Mantine,42.77,46.03,-3.26,62
Tentacruel,Staryu,43.62,46.88,-3.26,69
Dugtrio,Trapinch,41.86,45.12,-3.27,85
Cacturne,Pidgeotto,42.56,45.84,-3.27,64
Flareon,Pidgeotto,46.0,49.27,-3.27,46
Porygon2,Onix,43.3,46.57,-3.27,64
Girafarig,Blaziken,42.04,45.33,-3.29,76
Camerupt,Blaziken,41.63,44.94,-3.3,66
Raichu,Marill,44.16,47.47,-3.31,63
Growlithe,Loudred,42.49,45.8,-3.31,69
Spearow,Pidgeotto,42.04,45.38,-3.33,56
Flaaffy,Golbat,43.94,47.27,-3.33,59
Geodude,Quilava,38.4,41.73,-3.33,81
Camerupt,Electrike,42.29,45.62,-3.33,63
Persian,Magnemite,45.23,48.56,-3.34,61
Electabuzz,Marill,44.71,48.05,-3.34,74
Magcargo,Pelipper,42.68,46.02,-3.34,82
Tentacruel,Slaking,43.69,47.03,-3.34,82
Ninetales,Trapinch,41.85,45.2,-3.35,63
Vibrava,Croconaw,42.31,45.66,-3.35,84
Golduck,Pupitar,42.17,45.52,-3.35,63
Dugtrio,Cubone,41.79,45.14,-3.35,58
Exeggutor,Minun,42.39,45.73,-3.35,73
Ponyta,Gloom,41.73,45.09,-3.36,59
Azumarill,Golbat,43.89,47.25,-3.36,72
Pupitar,Trapinch,39.39,42.75,-3.36,70
Girafarig,Ponyta,42.78,46.13,-3.36,69
Vaporeon,Ponyta,44.62,47.98,-3.36,82
Exploud,Cubone,42.0,45.37,-3.37,65
Vibrava,Mantine,44.04,47.42,-3.38,77
Natu,Geodude,40.44,43.83,-3.39,59
Skarmory,Voltorb,43.62,47.0,-3.39,69
Electrode,Blaziken,44.31,47.7,-3.39,72
Wartortle,Marill,37.75,41.15,-3.4,57
Snorlax,Minun,43.79,47.19,-3.4,79
Miltank,Pupitar,42.66,46.06,-3.4,56
Slowbro,Golduck,44.9,48.3,-3.4,70
Flareon,Minun,44.69,48.11,-3.41,71
Feraligatr,Psyduck,45.43,48.84,-3.41,63
Snorlax,Tentacruel,46.12,49.53,-3.42,67
Exploud,Girafarig,44.84,48.25,-3.42,67
Mantine,Cubone,39.72,43.14,-3.42,83
Steelix,Ivysaur,42.3,45.72,-3.42,84
Tentacruel,Cacturne,43.59,47.02,-3.43,57
Azumarill,Marill,42.6,46.02,-3.43,67
Skarmory,Marill,43.38,46.81,-3.43,69
Slaking,Sandshrew,39.72,43.15,-3.43,74
Camerupt,Croconaw,40.44,43.86,-3.43,67
Exploud,Croconaw,42.42,45.86,-3.44,75
Lileep,Charmeleon,40.53,43.98,-3.44,60
Exploud,Plusle,43.0,46.45,-3.45,75
Girafarig,Sunflora,40.96,44.41,-3.45,70
Cacturne,Graveler,42.6,46.05,-3.45,61
Smeargle,Charmeleon,40.16,43.61,-3.45,65
Golduck,Quilava,40.35,43.8,-3.45,74
Loudred,Quilava,39.64,43.1,-3.46,63
Marowak,Trapinch,42.23,45.69,-3.46,70
Skarmory,Quilava,43.77,47.23,-3.46,76
Slugma,Hoothoot,36.94,40.4,-3.46,70
Miltank,Graveler,43.05,46.52,-3.47,73
Magmar,Smeargle,43.77,47.24,-3.47,66
Miltank,Voltorb,40.64,44.12,-3.48,79
Snorlax,Exeggcute,42.42,45.89,-3.48,79
Porygon2,Gloom,45.17,48.65,-3.48,60
Smeargle,Sandshrew,38.73,42.22,-3.49,76
Electrike,Golbat,40.61,44.1,-3.49,68
Lileep,Hoothoot,38.28,41.77,-3.49,78
Golem,Marill,41.76,45.27,-3.5,72
Spearow,Slugma,40.67,44.18,-3.51,60
Spearow,Loudred,41.81,45.32,-3.51,59
Ninetales,Golduck,44.45,47.97,-3.52,76
Vaporeon,Plusle,43.16,46.7,-3.53,70
Exploud,Pelipper,43.87,47.4,-3.53,58
Flareon,Charmeleon,44.42,47.96,-3.53,88
Electrike,Slugma,40.52,44.05,-3.53,81
Tentacruel,Golbat,41.62,45.14,-3.53,79
Lileep,Chansey,39.57,43.12,-3.54,69
Meganium,Swampert,42.66,46.2,-3.54,73
Mantine,Pidgeotto,41.71,45.26,-3.55,66
Staryu,Pelipper,42.06,45.61,-3.55,78
Slowbro,Vigoroth,41.84,45.39,-3.55,70
Vibrava,Psyduck,40.47,44.02,-3.56,67
Marowak,Camerupt,44.63,48.19,-3.56,59
Slowbro,Ivysaur,42.45,46.02,-3.56,55
Growlithe,Electrike,42.42,45.99,-3.57,66
Flareon,Voltorb,43.51,47.09,-3.58,70
Golduck,Gloom,41.9,45.48,-3.58,62
Mantine,Gloom,41.41,44.98,-3.58,60
Golem,Pupitar,43.82,47.4,-3.58,57
Crobat,Electrike,44.03,47.61,-3.58,65
Slaking,Loudred,42.22,45.8,-3.58,68
Growlithe,Sunflora,40.8,44.39,-3.59,65
Electrode,Cubone,42.55,46.14,-3.59,64
Golem,Quilava,42.09,45.68,-3.59,59
Xatu,Vigoroth,44.72,48.31,-3.59,59
Exeggutor,Wartortle,41.71,45.31,-3.6,73
Staryu,Mantine,42.24,45.85,-3.61,75
Xatu,Golbat,45.83,49.44,-3.61,58
Electrode,Slaking,45.38,48.99,-3.61,57
Magneton,Tentacruel,44.63,48.23,-3.61,48
Tentacruel,Slugma,41.49,45.09,-3.61,57
Flaaffy,Quilava,42.85,46.47,-3.61,78
Magmar,Ivysaur,42.18,45.8,-3.61,70
Electabuzz,Onix,44.44,48.06,-3.62,70
Spearow,Mantine,41.91,45.52,-3.62,69
Growlithe,Swampert,41.62,45.24,-3.62,61
Skarmory,Sandshrew,42.85,46.48,-3.63,65
Sandslash,Slugma,42.3,45.92,-3.63,73
Pidgeotto,Loudred,41.42,45.05,-3.63,60
Girafarig,Cubone,40.13,43.77,-3.63,68
Magneton,Croconaw,41.8,45.44,-3.64,65
Slaking,Grovyle,41.5,45.15,-3.65,84
Ninetales,Sandshrew,40.97,44.62,-3.65,68
Meganium,Minun,41.99,45.64,-3.65,78
Ponyta,Blaziken,41.17,44.81,-3.65,72
Growlithe,Staryu,42.79,46.45,-3.65,70
Crobat,Wartortle,42.23,45.88,-3.65,55
Exeggutor,Pidgeotto,43.25,46.9,-3.65,91
Flaaffy,Sunflora,43.29,46.95,-3.66,76
Mantine,Croconaw,39.98,43.64,-3.66,65
Girafarig,Golbat,41.08,44.73,-3.66,73
Miltank,Wartortle,41.05,44.71,-3.66,67
Graveler,Plusle,40.63,44.29,-3.66,65
Magcargo,Plusle,41.4,45.06,-3.66,74
Blaziken,Sunflora,39.41,43.09,-3.68,68
Ninetales,Quilava,41.69,45.37,-3.68,78
Growlithe,Graveler,42.39,46.07,-3.68,69
Meganium,Trapinch,41.01,44.69,-3.68,62
Vaporeon,Minun,42.88,46.56,-3.68,73
Girafarig,Ivysaur,40.55,44.24,-3.69,75
Smeargle,Slugma,40.02,43.72,-3.7,67
Magcargo,Gloom,42.12,45.83,-3.7,76
Ponyta,Golbat,40.52,44.22,-3.7,81
Camerupt,Charmeleon,40.48,44.17,-3.7,74
Miltank,Plusle,41.56,45.27,-3.71,90
Electrode,Sunflora,43.08,46.78,-3.71,62
Camerupt,Lileep,41.94,45.66,-3.72,85
Persian,Trapinch,41.55,45.27,-3.72,76
Dugtrio,Geodude,42.1,45.83,-3.73,80
Magnemite,Pidgeotto,42.55,46.27,-3.73,56
Graveler,Loudred,41.53,45.27,-3.74,70
Exeggutor,Blaziken,42.6,46.35,-3.75,82
Snorlax,Slugma,43.41,47.16,-3.75,81
Magneton,Minun,42.14,45.89,-3.75,81
Slaking,Hoothoot,38.57,42.34,-3.76,68
Sandslash,Ivysaur,41.71,45.48,-3.77,69
Flareon,Pupitar,45.27,49.03,-3.77,83
Marowak,Slugma,42.85,46.62,-3.77,74
Growlithe,Geodude,40.67,44.44,-3.77,70
Growlithe,Marill,39.72,43.48,-3.77,80
Slowbro,Gloom,43.61,47.38,-3.77,74
Flaaffy,Ivysaur,43.01,46.78,-3.77,69
Dugtrio,Golbat,42.34,46.11,-3.77,60
Magneton,Meganium,44.99,48.75,-3.77,70
Magcargo,Pidgeotto,42.31,46.1,-3.79,71
Raichu,Hoothoot,42.52,46.32,-3.8,65
Steelix,Ponyta,43.81,47.61,-3.8,71
Plusle,Sunflora,38.81,42.61,-3.8,78
Porygon2,Pupitar,44.89,48.69,-3.8,56
Magneton,Exeggcute,40.79,44.59,-3.81,67
Pidgeotto,Quilava,39.35,43.16,-3.81,68
Pidgeotto,Grovyle,40.6,44.41,-3.81,74
Miltank,Minun,41.32,45.14,-3.82,71
Persian,Exeggutor,45.36,49.19,-3.83,61
Miltank,Ponyta,42.73,46.55,-3.83,80
Persian,Natu,43.69,47.53,-3.84,67
Ninetales,Slugma,42.29,46.13,-3.84,60
Exploud,Geodude,42.21,46.06,-3.85,68
Dugtrio,Exeggcute,40.94,44.79,-3.85,69
Vaporeon,Charmeleon,42.57,46.42,-3.85,73
Cacturne,Plusle,40.94,44.8,-3.86,73
Miltank,Mantine,42.59,46.45,-3.86,84
Skarmory,Exeggcute,42.86,46.72,-3.86,88
Miltank,Hoothoot,38.91,42.78,-3.87,81
Xatu,Chansey,44.54,48.41,-3.87,69
Lileep,Loudred,41.36,45.23,-3.87,74
Magneton,Quilava,41.22,45.1,-3.88,66
Skarmory,Grovyle,44.61,48.48,-3.88,63
Staryu,Graveler,42.03,45.91,-3.89,66
Gloom,Grovyle,40.23,44.14,-3.9,64
Porygon2,Wartortle,43.44,47.34,-3.9,65
Persian,Sandshrew,40.79,44.7,-3.9,76
Flareon,Wartortle,43.77,47.68,-3.91,65
Magmar,Marill,41.16,45.06,-3.91,76
Azumarill,Sandshrew,41.78,45.69,-3.91,75
Magcargo,Cubone,40.07,43.98,-3.92,68
Smeargle,Plusle,39.96,43.88,-3.93,77
Golduck,Psyduck,38.58,42.5,-3.93,69
Flaaffy,Exeggcute,42.02,45.96,-3.94,82
Flaaffy,Onix,42.12,46.06,-3.94,79
Azumarill,Pupitar,44.22,48.16,-3.94,71
Mantine,Natu,41.45,45.39,-3.94,65
Pelipper,Voltorb,38.9,42.84,-3.94,76
Miltank,Grovyle,41.65,45.6,-3.95,69
Growlithe,Golduck,42.54,46.5,-3.96,59
Magnemite,Golbat,41.16,45.13,-3.97,68
Slowbro,Tentacruel,44.87,48.84,-3.97,79
Steelix,Marill,41.01,44.99,-3.98,68
Ninetales,Wartortle,41.75,45.73,-3.98,69
Dugtrio,Charmeleon,41.96,45.94,-3.98,72
Charmeleon,Croconaw,38.19,42.18,-3.99,83
Crobat,Ponyta,43.74,47.72,-3.99,66
Ponyta,Minun,40.21,44.2,-3.99,71
Snorlax,Hoothoot,40.84,44.84,-4.0,64
Steelix,Dugtrio,45.5,49.5,-4.0,68
Pupitar,Cubone,38.76,42.76,-4.0,72
Azumarill,Charmeleon,43.09,47.09,-4.0,69
Meganium,Pupitar,42.56,46.58,-4.01,68
Slaking,Plusle,40.8,44.81,-4.01,72
Mantine,Plusle,40.19,44.22,-4.03,59
Exeggutor,Vigoroth,40.6,44.63,-4.03,80
Slaking,Swampert,41.2,45.23,-4.03,81
Graveler,Pidgeotto,41.29,45.33,-4.03,58
Miltank,Geodude,40.84,44.88,-4.04,57
Growlithe,Minun,40.65,44.69,-4.04,80
Slowbro,Cacturne,44.33,48.38,-4.05,84
Cacturne,Grovyle,41.09,45.14,-4.05,69
Magnemite,Marill,39.86,43.91,-4.05,70
Persian,Blaziken,42.8,46.85,-4.05,90
Magmar,Quilava,41.42,45.48,-4.06,82
Sandslash,Spearow,43.33,47.39,-4.06,99
Tentacruel,Pidgeotto,42.23,46.29,-4.06,65
Porygon2,Magcargo,45.85,49.92,-4.06,74
Magmar,Voltorb,41.19,45.25,-4.07,83
Pelipper,Swampert,40.33,44.41,-4.08,86
Sandslash,Swampert,42.42,46.51,-4.08,88
Slowbro,Camerupt,43.95,48.03,-4.08,65
Golem,Croconaw,41.94,46.02,-4.08,57
Skarmory,Vigoroth,42.83,46.91,-4.09,75
Natu,Swampert,40.54,44.63,-4.09,73
Electrike,Onix,38.79,42.89,-4.1,76
Crobat,Mantine,43.52,47.62,-4.1,61
Tentacruel,Pupitar,41.95,46.05,-4.1,54
Dugtrio,Hoothoot,39.64,43.73,-4.1,65
Tentacruel,Quilava,40.23,44.34,-4.11,78
Porygon2,Camerupt,45.19,49.3,-4.11,67
Vaporeon,Trapinch,41.49,45.61,-4.12,82
Tentacruel,Vigoroth,39.9,44.02,-4.12,71
Blissey,Hoothoot,44.15,48.27,-4.12,71
Dugtrio,Golduck,43.77,47.89,-4.13,63
Crobat,Cubone,41.21,45.36,-4.14,64
Miltank,Croconaw,40.54,44.68,-4.14,72
Steelix,Slugma,42.03,46.16,-4.14,66
Steelix,Graveler,43.42,47.58,-4.15,74
Sandslash,Trapinch,40.84,45.0,-4.15,71
Magcargo,Camerupt,42.33,46.48,-4.15,70
Tentacruel,Grovyle,41.44,45.59,-4.15,75
Graveler,Wartortle,39.57,43.73,-4.16,60
Marowak,Wartortle,42.07,46.23,-4.16,64
Sandslash,Charmeleon,41.65,45.81,-4.16,72
Vibrava,Ivysaur,41.48,45.63,-4.16,74
Magmar,Pelipper,43.19,47.35,-4.16,78
Slowbro,Cubone,41.38,45.54,-4.16,70
Spearow,Croconaw,39.58,43.75,-4.17,79
Slaking,Psyduck,38.43,42.6,-4.17,68
Staryu,Swampert,40.91,45.09,-4.18,68
Graveler,Croconaw,39.52,43.7,-4.18,78
Pidgeotto,Swampert,40.31,44.5,-4.18,70
Noctowl,Hoothoot,42.46,46.63,-4.18,74
Vibrava,Minun,41.92,46.11,-4.19,76
Smeargle,Ivysaur,39.09,43.28,-4.19,81
Cacturne,Ivysaur,40.01,44.2,-4.19,73
Grovyle,Golbat,39.07,43.27,-4.2,74
Dugtrio,Vigoroth,40.77,44.98,-4.21,56
Pidgeotto,Wartortle,39.31,43.52,-4.21,80
Girafarig,Smeargle,41.48,45.69,-4.21,79
Swampert,Voltorb,38.11,42.31,-4.21,66
Slowbro,Minun,42.27,46.49,-4.22,71
Gloom,Geodude,39.19,43.42,-4.22,67
Exploud,Onix,40.91,45.13,-4.22,89
Persian,Geodude,41.75,45.98,-4.23,69
Slaking,Staryu,42.21,46.44,-4.23,54
Slaking,Blaziken,41.07,45.3,-4.23,78
Mantine,Electrike,41.15,45.39,-4.24,62
Skarmory,Sunflora,43.48,47.72,-4.24,70
Magneton,Slaking,43.56,47.8,-4.24,68
Jolteon,Onix,43.31,47.55,-4.24,76
Donphan,Slaking,48.01,52.26,-4.25,62
Vaporeon,Chansey,41.3,45.56,-4.26,73
Magcargo,Ivysaur,40.19,44.46,-4.27,82
Miltank,Electrike,42.16,46.44,-4.27,67
Flaaffy,Slugma,42.96,47.22,-4.27,80
Meganium,Golbat,41.39,45.66,-4.27,70
Tentacruel,Ivysaur,40.37,44.65,-4.28,64
Magnemite,Grovyle,41.29,45.58,-4.29,60
Crobat,Ivysaur,41.53,45.83,-4.3,63
Persian,Camerupt,43.48,47.77,-4.3,87
Magmar,Plusle,42.09,46.4,-4.31,60
Marowak,Graveler,43.72,48.03,-4.31,58
Slugma,Sunflora,38.13,42.45,-4.32,63
Marowak,Charmeleon,42.18,46.51,-4.32,78
Miltank,Lileep,42.15,46.48,-4.32,76
Slowbro,Swampert,42.72,47.04,-4.32,76
Dugtrio,Marill,40.56,44.88,-4.32,84
Camerupt,Smeargle,40.97,45.3,-4.32,66
Natu,Electrike,41.06,45.38,-4.32,62
Steelix,Cubone,40.91,45.25,-4.33,62
Mantine,Charmeleon,39.62,43.95,-4.33,77
Girafarig,Pupitar,41.3,45.64,-4.34,48
Miltank,Slaking,42.69,47.04,-4.35,59
Meganium,Magcargo,43.45,47.8,-4.35,62
Vaporeon,Cacturne,44.1,48.45,-4.36,76
Xatu,Marill,43.85,48.21,-4.36,73
Vibrava,Pupitar,42.68,47.04,-4.36,89
Girafarig,Gloom,41.24,45.61,-4.36,72
Miltank,Sunflora,40.47,44.84,-4.36,74
Golem,Hoothoot,39.76,44.12,-4.36,75
Miltank,Onix,39.59,43.95,-4.36,67
Girafarig,Sandshrew,38.81,43.17,-4.37,70
Lileep,Psyduck,37.67,42.03,-4.37,66
Flaaffy,Chansey,41.88,46.25,-4.37,75
Staryu,Ponyta,41.59,45.95,-4.37,76
Golem,Ivysaur,41.63,45.99,-4.37,80
Skarmory,Onix,42.46,46.83,-4.37,56
Golem,Trapinch,41.12,45.51,-4.39,76
Exeggutor,Grovyle,41.81,46.2,-4.39,54
Exeggutor,Golduck,43.16,47.55,-4.39,66
Graveler,Natu,41.06,45.46,-4.4,75
Flareon,Blaziken,44.32,48.72,-4.4,68
Dugtrio,Slugma,41.65,46.05,-4.4,72
Ponyta,Charmeleon,39.65,44.05,-4.4,76
Exeggutor,Gloom,42.22,46.62,-4.4,62
Exploud,Sunflora,41.62,46.02,-4.4,88
Meganium,Hoothoot,38.89,43.3,-4.41,71
Vaporeon,Pupitar,43.09,47.5,-4.41,72
Exeggutor,Croconaw,40.86,45.28,-4.42,73
Flaaffy,Geodude,42.58,47.0,-4.42,84
Slaking,Vigoroth,39.15,43.58,-4.43,71
Spearow,Voltorb,38.75,43.2,-4.44,62
Skarmory,Cubone,42.63,47.07,-4.44,71
Natu,Golbat,39.65,44.1,-4.45,77
Xatu,Hoothoot,42.61,47.06,-4.45,63
Camerupt,Pelipper,40.94,45.4,-4.46,78
Flaaffy,Camerupt,44.33,48.8,-4.46,75
Ponyta,Grovyle,40.2,44.66,-4.46,77
Pelipper,Cubone,38.45,42.91,-4.46,63
Mantine,Pelipper,40.7,45.17,-4.47,65
Pupitar,Minun,39.24,43.71,-4.47,76
Steelix,Chansey,40.72,45.19,-4.47,79
Electrode,Chansey,41.6,46.08,-4.48,66
Meganium,Lileep,42.49,46.98,-4.49,77
Spearow,Trapinch,38.76,43.25,-4.49,78
Magneton,Vigoroth,40.28,44.78,-4.5,73
Meganium,Natu,42.45,46.95,-4.5,74
Vibrava,Grovyle,42.07,46.58,-4.5,72
Spearow,Natu,41.01,45.51,-4.5,68
Magnemite,Spearow,42.04,46.54,-4.5,62
Magneton,Pelipper,42.47,46.97,-4.5,66
Sandslash,Geodude,41.2,45.7,-4.5,94
Growlithe,Slugma,40.15,44.66,-4.51,84
Miltank,Camerupt,42.17,46.67,-4.51,69
Spearow,Plusle,39.82,44.34,-4.52,72
Ninetales,Electrike,42.94,47.46,-4.52,61
Ninetales,Graveler,43.02,47.54,-4.52,60
Mantine,Blaziken,40.19,44.71,-4.52,83
Magneton,Cubone,40.42,44.94,-4.52,77
Smeargle,Blaziken,39.85,44.37,-4.52,65
Tentacruel,Wartortle,40.17,44.7,-4.53,69
Girafarig,Loudred,41.28,45.83,-4.55,65
Plusle,Sandshrew,36.82,41.37,-4.55,88
Meganium,Cubone,40.15,44.7,-4.55,73
Ninetales,Chansey,40.59,45.16,-4.56,61
Magmar,Sandshrew,40.16,44.73,-4.57,79
Lileep,Plusle,39.66,44.25,-4.59,61
Magcargo,Charmeleon,40.2,44.79,-4.59,62
Sandslash,Pelipper,42.44,47.03,-4.6,58
Magcargo,Blaziken,40.95,45.55,-4.6,61
Snorlax,Croconaw,42.12,46.73,-4.61,65
Crobat,Golduck,43.51,48.11,-4.61,49
Swampert,Golbat,38.74,43.35,-4.61,86
Growlithe,Ponyta,41.49,46.11,-4.62,89
Electrode,Minun,42.46,47.09,-4.62,69
Ninetales,Psyduck,39.45,44.08,-4.62,68
Pupitar,Ivysaur,38.62,43.23,-4.62,57
Vibrava,Hoothoot,39.14,43.76,-4.62,65
Pelipper,Charmeleon,39.07,43.72,-4.64,57
Sandslash,Golbat,41.34,45.98,-4.64,66
Magmar,Golbat,41.65,46.29,-4.64,83
Ponyta,Smeargle,40.53,45.17,-4.64,82
Natu,Smeargle,40.42,45.05,-4.64,66
Dugtrio,Magcargo,43.6,48.24,-4.64,42
Golem,Cubone,40.88,45.52,-4.64,62
Flaaffy,Smeargle,43.58,48.23,-4.65,70
Persian,Wartortle,41.16,45.81,-4.65,73
Golduck,Swampert,40.49,45.14,-4.65,74
Magcargo,Sunflora,39.99,44.64,-4.65,76
Tentacruel,Croconaw,40.01,44.67,-4.66,64
Gloom,Quilava,38.22,42.88,-4.66,86
Sandslash,Pidgeotto,42.45,47.12,-4.67,78
Spearow,Psyduck,37.46,42.12,-4.67,73
Graveler,Mantine,40.79,45.47,-4.68,62
Exploud,Staryu,43.4,48.08,-4.68,62
Marowak,Quilava,41.18,45.86,-4.68,83
Golduck,Spearow,41.34,46.02,-4.68,73
Golem,Exeggcute,40.49,45.17,-4.69,74
Spearow,Smeargle,40.48,45.19,-4.7,76
Loudred,Charmeleon,39.04,43.75,-4.7,65
Golem,Smeargle,42.74,47.44,-4.7,52
Magnemite,Charmeleon,40.26,44.97,-4.7,61
Electabuzz,Electrike,45.85,50.55,-4.71,58
Miltank,Chansey,39.42,44.13,-4.71,66
Magnemite,Gloom,41.29,46.0,-4.71,68
Trapinch,Exeggcute,35.8,40.52,-4.72,68
Smeargle,Minun,39.03,43.75,-4.72,82
Exploud,Miltank,43.96,48.67,-4.72,51
Cacturne,Charmeleon,39.81,44.53,-4.72,59
Lileep,Pupitar,40.32,45.05,-4.73,80
Cradily,Pupitar,44.54,49.27,-4.73,66
Mantine,Loudred,40.46,45.2,-4.74,59
Meganium,Gloom,41.8,46.53,-4.74,67
Staryu,Lileep,41.13,45.88,-4.74,63
Staryu,Plusle,39.92,44.66,-4.75,72
Blaziken,Exeggcute,37.34,42.1,-4.76,97
Smeargle,Gloom,39.87,44.64,-4.77,85
Magnemite,Onix,39.15,43.92,-4.77,64
Exeggutor,Cubone,40.01,44.78,-4.77,76
Flaaffy,Psyduck,40.4,45.17,-4.77,81
Loudred,Chansey,38.11,42.89,-4.78,60
Magcargo,Grovyle,40.62,45.4,-4.78,72
Tentacruel,Loudred,41.45,46.23,-4.78,82
Swampert,Quilava,37.76,42.54,-4.78,76
Graveler,Sunflora,39.07,43.86,-4.79,74
Staryu,Sandshrew,38.21,43.0,-4.79,71
Cacturne,Camerupt,41.41,46.21,-4.8,77
Loudred,Voltorb,38.07,42.88,-4.8,76
Snorlax,Charmeleon,42.25,47.05,-4.8,73
Loudred,Minun,39.07,43.89,-4.82,61
Lileep,Smeargle,40.28,45.09,-4.82,69
Staryu,Grovyle,40.18,45.0,-4.82,71
Magnemite,Electrike,41.58,46.41,-4.83,70
Snorlax,Ivysaur,41.89,46.72,-4.83,73
Exeggutor,Exeggcute,39.61,44.44,-4.83,58
Snorlax,Vigoroth,41.24,46.09,-4.84,63
Crobat,Sunflora,41.16,46.0,-4.84,76
Geodude,Sandshrew,36.15,40.98,-4.84,83
Geodude,Voltorb,36.67,41.51,-4.84,61
Camerupt,Ivysaur,39.0,43.84,-4.85,84
Golbat,Cubone,37.0,41.85,-4.85,75
Flaaffy,Charmeleon,42.25,47.11,-4.86,70
Magneton,Marill,39.83,44.69,-4.86,67
Porygon2,Sandshrew,41.36,46.22,-4.86,86
Pupitar,Hoothoot,36.49,41.36,-4.87,58
Exeggutor,Golbat,40.88,45.75,-4.87,57
Dugtrio,Ivysaur,40.74,45.61,-4.87,79
Persian,Exeggcute,40.06,44.94,-4.88,63
Camerupt,Graveler,40.81,45.7,-4.89,69
Mantine,Smeargle,40.17,45.07,-4.9,63
Azumarill,Swampert,42.87,47.78,-4.91,57
Cubone,Onix,35.73,40.64,-4.91,85
Minun,Ivysaur,37.39,42.3,-4.91,74
Electrode,Onix,40.98,45.89,-4.91,57
Magneton,Slugma,40.95,45.86,-4.91,82
Lileep,Grovyle,39.67,44.59,-4.92,57
Ponyta,Voltorb,38.27,43.19,-4.92,74
Electrode,Sandshrew,40.62,45.55,-4.92,67
Graveler,Ivysaur,38.77,43.69,-4.92,66
Vaporeon,Marill,40.43,45.36,-4.93,86
Camerupt,Voltorb,38.37,43.3,-4.94,87
Lileep,Wartortle,38.76,43.7,-4.94,85
Blaziken,Ivysaur,37.98,42.92,-4.94,75
Growlithe,Chansey,38.74,43.69,-4.95,67
Persian,Golduck,43.1,48.05,-4.95,69
Golbat,Slugma,37.82,42.77,-4.95,67
Growlithe,Cacturne,41.63,46.58,-4.95,71
Ponyta,Cubone,38.3,43.25,-4.95,81
Exploud,Electrike,42.66,47.62,-4.96,61
Cacturne,Natu,41.0,45.97,-4.97,74
Golem,Chansey,40.49,45.47,-4.98,76
Pidgeotto,Smeargle,39.94,44.92,-4.98,59
Exploud,Blaziken,41.95,46.94,-4.98,76
Electrike,Exeggcute,37.8,42.78,-4.99,74
Ponyta,Pidgeotto,40.38,45.36,-4.99,64
Miltank,Cubone,39.18,44.19,-5.0,79
Slaking,Golduck,41.5,46.5,-5.0,72
Cradily,Vigoroth,42.23,47.24,-5.01,72
Natu,Sandshrew,37.53,42.54,-5.01,76
Porygon2,Golbat,42.76,47.78,-5.02,66
Natu,Gloom,39.95,44.97,-5.02,68
Exeggutor,Hoothoot,38.36,43.38,-5.02,81
Magmar,Charmeleon,41.1,46.12,-5.02,73
Growlithe,Onix,38.47,43.5,-5.03,70
Ninetales,Marill,39.92,44.95,-5.03,79
Meganium,Cacturne,42.51,47.53,-5.03,62
Loudred,Slugma,38.83,43.86,-5.03,64
Grovyle,Slugma,38.18,43.22,-5.04,58
Blaziken,Croconaw,37.9,42.94,-5.04,73
Golduck,Minun,39.55,44.59,-5.04,79
Ponyta,Exeggcute,37.86,42.91,-5.04,95
Cacturne,Blaziken,40.24,45.28,-5.05,57
Growlithe,Golbat,39.66,44.71,-5.05,75
Magneton,Grovyle,41.3,46.36,-5.05,68
Slowbro,Hoothoot,39.08,44.14,-5.06,70
Tentacruel,Charmeleon,39.92,44.98,-5.06,81
Persian,Swampert,41.72,46.78,-5.07,71
Girafarig,Electrike,40.95,46.02,-5.07,68
Grovyle,Plusle,38.29,43.38,-5.08,70
Slaking,Sunflora,39.3,44.39,-5.08,67
Magneton,Trapinch,39.84,44.93,-5.09,62
Tentacruel,Blaziken,40.64,45.74,-5.1,74
Croconaw,Trapinch,36.25,41.36,-5.12,65
Girafarig,Onix,38.41,43.52,-5.12,73
Persian,Gloom,42.0,47.12,-5.12,78
Natu,Chansey,37.95,43.08,-5.13,65
Magmar,Geodude,40.88,46.02,-5.13,85
Cacturne,Mantine,40.84,45.98,-5.14,67
Crobat,Hoothoot,38.81,43.95,-5.15,84
Magcargo,Onix,38.6,43.75,-5.15,74
Miltank,Loudred,41.08,46.25,-5.16,73
Vibrava,Quilava,40.16,45.32,-5.16,68
Golduck,Mantine,40.74,45.91,-5.16,82
Grovyle,Cubone,37.12,42.3,-5.17,71
Plusle,Charmeleon,37.59,42.77,-5.17,84
Slugma,Ivysaur,37.11,42.27,-5.17,73
Pidgeotto,Onix,37.58,42.75,-5.17,64
Crobat,Golbat,41.15,46.33,-5.18,63
Swampert,Sandshrew,36.61,41.79,-5.18,76
Gloom,Wartortle,38.06,43.25,-5.18,71
Cacturne,Sandshrew,37.94,43.13,-5.19,62
Charmeleon,Ivysaur,36.97,42.16,-5.19,68
Tentacruel,Sunflora,39.63,44.83,-5.19,78
Blaziken,Onix,37.0,42.2,-5.2,82
Persian,Smeargle,42.01,47.21,-5.2,68
Dugtrio,Sandslash,44.05,49.26,-5.21,66
Magnemite,Natu,41.2,46.41,-5.21,55
Steelix,Exeggcute,39.69,44.9,-5.21,69
Meganium,Electrike,41.73,46.95,-5.22,56
Lileep,Gloom,39.79,45.01,-5.22,74
Grovyle,Charmeleon,37.87,43.1,-5.23,77
Golduck,Plusle,39.49,44.72,-5.23,74
Grovyle,Sunflora,37.72,42.95,-5.23,67
Pelipper,Pupitar,39.56,44.79,-5.23,68
Tentacruel,Marill,38.69,43.92,-5.23,57
Miltank,Smeargle,40.87,46.11,-5.24,69
Sunflora,Cubone,36.29,41.53,-5.24,66
Electrike,Ivysaur,38.34,43.61,-5.26,70
Meganium,Sunflora,40.09,45.34,-5.26,67
Meganium,Sandshrew,38.83,44.11,-5.27,76
Golem,Dugtrio,44.51,49.77,-5.27,68
Magcargo,Trapinch,38.7,43.98,-5.27,68
Natu,Slugma,38.78,44.05,-5.27,64
Charmeleon,Psyduck,35.27,40.55,-5.28,86
Magmar,Trapinch,40.03,45.31,-5.28,64
Miltank,Exeggcute,38.56,43.84,-5.28,77
Marowak,Psyduck,39.29,44.56,-5.28,70
Pelipper,Minun,38.58,43.86,-5.28,64
Loudred,Marill,37.4,42.69,-5.29,70
Magneton,Blaziken,41.21,46.5,-5.29,76
Golbat,Chansey,36.5,41.8,-5.29,70
Exeggutor,Quilava,39.65,44.95,-5.3,59
Magcargo,Exeggcute,38.34,43.64,-5.3,82
Vaporeon,Psyduck,39.18,44.48,-5.3,68
Slaking,Minun,39.38,44.69,-5.3,76
Magcargo,Croconaw,39.17,44.48,-5.31,80
Persian,Quilava,40.14,45.45,-5.31,77
Slaking,Smeargle,40.35,45.66,-5.31,60
Spearow,Electrike,40.19,45.51,-5.32,68
Pelipper,Ivysaur,38.06,43.38,-5.32,64
Sandslash,Psyduck,38.54,43.87,-5.33,70
Staryu,Onix,38.01,43.34,-5.34,70
Vaporeon,Exeggcute,39.93,45.27,-5.34,79
Croconaw,Vigoroth,35.87,41.22,-5.35,54
Flaaffy,Plusle,42.04,47.38,-5.35,82
Sunflora,Exeggcute,35.83,41.19,-5.35,65
Slowbro,Slugma,41.11,46.46,-5.35,76
Growlithe,Voltorb,38.3,43.67,-5.37,80
Magneton,Onix,39.33,44.7,-5.37,72
Exploud,Minun,40.95,46.32,-5.37,68
Pelipper,Grovyle,38.95,44.33,-5.37,84
Pelipper,Trapinch,37.52,42.9,-5.38,71
Marowak,Staryu,43.03,48.41,-5.38,78
Wartortle,Onix,35.79,41.16,-5.38,60
Meganium,Exeggcute,38.97,44.35,-5.38,81
Vibrava,Cubone,39.77,45.16,-5.39,83
Voltorb,Hoothoot,34.02,39.41,-5.4,85
Loudred,Smeargle,39.46,44.86,-5.4,67
Marill,Hoothoot,33.82,39.22,-5.41,79
Persian,Grovyle,41.29,46.7,-5.41,70
Natu,Croconaw,38.21,43.62,-5.41,82
Electrike,Minun,38.67,44.08,-5.41,68
Electrode,Geodude,41.42,46.83,-5.41,74
Pelipper,Wartortle,38.01,43.44,-5.42,85
Mantine,Vigoroth,37.55,42.99,-5.44,80
Plusle,Ivysaur,37.0,42.44,-5.44,82
Marowak,Onix,40.02,45.46,-5.44,62
Golduck,Onix,37.94,43.4,-5.46,72
Staryu,Slugma,39.05,44.5,-5.46,61
Smeargle,Cubone,37.34,42.8,-5.46,73
Slugma,Wartortle,36.87,42.33,-5.46,56
Graveler,Pupitar,39.62,45.09,-5.47,69
Cacturne,Vigoroth,38.1,43.56,-5.47,90
Girafarig,Minun,39.25,44.72,-5.47,67
Loudred,Gloom,39.3,44.78,-5.48,90
Electrode,Hoothoot,39.26,44.73,-5.48,78
Golduck,Croconaw,38.65,44.13,-5.48,79
Meganium,Marill,38.95,44.44,-5.49,74
Azumarill,Hoothoot,39.39,44.88,-5.49,57
Mantine,Chansey,37.59,43.09,-5.5,60
Pidgeotto,Pelipper,39.52,45.02,-5.5,65
Graveler,Slugma,38.63,44.13,-5.5,61
Exploud,Smeargle,41.77,47.3,-5.52,78
Meganium,Plusle,40.26,45.77,-5.52,74
Pidgeotto,Chansey,37.42,42.94,-5.52,82
Exploud,Wartortle,40.37,45.89,-5.53,73
Graveler,Grovyle,39.08,44.62,-5.54,64
Staryu,Marill,37.77,43.33,-5.56,71
Magmar,Wartortle,40.28,45.84,-5.56,89
Staryu,Gloom,39.87,45.42,-5.56,75
Slaking,Chansey,38.11,43.68,-5.57,78
Mantine,Onix,37.33,42.91,-5.58,62
Golbat,Hoothoot,34.87,40.45,-5.58,80
Slugma,Geodude,36.92,42.5,-5.58,66
Marowak,Lileep,42.4,47.99,-5.59,66
Electrode,Magnemite,43.81,49.41,-5.6,75
Marowak,Hoothoot,38.7,44.3,-5.6,72
Blaziken,Minun,37.8,43.39,-5.6,97
Natu,Trapinch,37.51,43.12,-5.61,76
Grovyle,Croconaw,37.18,42.79,-5.61,67
Magnemite,Camerupt,41.04,46.65,-5.61,75
Pidgeotto,Sunflora,38.02,43.64,-5.62,59
Growlithe,Cubone,38.1,43.74,-5.64,82
Persian,Marill,39.39,45.03,-5.64,67
Blaziken,Chansey,36.75,42.39,-5.64,68
Exeggutor,Miltank,42.45,48.09,-5.64,81
Natu,Pidgeotto,39.59,45.25,-5.65,74
Sandslash,Onix,39.12,44.77,-5.65,50
Magcargo,Hoothoot,36.93,42.59,-5.65,63
Plusle,Wartortle,36.82,42.48,-5.66,79
Meganium,Ivysaur,39.51,45.17,-5.66,78
Flaaffy,Cubone,40.64,46.3,-5.66,72
Vibrava,Onix,39.25,44.92,-5.67,78
Dugtrio,Voltorb,39.4,45.07,-5.67,58
Graveler,Marill,37.29,42.95,-5.67,69
Ninetales,Onix,39.3,44.97,-5.67,61
Camerupt,Loudred,39.76,45.43,-5.67,75
Electrike,Hoothoot,36.05,41.73,-5.68,74
Dugtrio,Gloom,41.29,46.98,-5.68,68
Smeargle,Voltorb,37.06,42.74,-5.68,72
Electrike,Smeargle,39.36,45.05,-5.69,62
Ponyta,Onix,37.32,43.01,-5.69,90
Sandslash,Sandshrew,38.72,44.42,-5.7,69
Ivysaur,Quilava,35.81,41.52,-5.71,70
Growlithe,Croconaw,38.52,44.23,-5.71,72
Persian,Plusle,40.64,46.36,-5.72,65
Golbat,Croconaw,36.61,42.34,-5.73,89
Meganium,Slugma,39.89,45.61,-5.73,71
Camerupt,Wartortle,38.16,43.89,-5.73,77
Mantine,Pupitar,39.29,45.02,-5.73,58
Crobat,Charmeleon,40.42,46.16,-5.74,78
Camerupt,Quilava,37.78,43.53,-5.75,63
Spearow,Ivysaur,37.98,43.73,-5.75,64
Electrike,Grovyle,38.79,44.55,-5.76,67
Golduck,Charmeleon,38.68,44.45,-5.76,81
Steelix,Trapinch,39.47,45.23,-5.76,77
Slugma,Trapinch,36.03,41.79,-5.76,72
Golbat,Wartortle,36.61,42.38,-5.76,70
Gloom,Slugma,37.87,43.64,-5.77,66
Cacturne,Electrike,40.2,45.97,-5.77,68
Slugma,Sandshrew,35.44,41.21,-5.77,65
Magcargo,Slaking,41.07,46.84,-5.77,73
Cacturne,Psyduck,36.79,42.59,-5.79,87
Spearow,Charmeleon,38.27,44.06,-5.79,54
Growlithe,Mantine,40.21,46.0,-5.79,75
Gloom,Exeggcute,36.58,42.38,-5.79,73
Crobat,Camerupt,42.04,47.84,-5.81,70
Magnemite,Plusle,39.41,45.24,-5.83,81
Sunflora,Wartortle,36.23,42.05,-5.83,77
Pupitar,Marill,36.68,42.5,-5.83,73
Camerupt,Trapinch,37.53,43.36,-5.83,77
Starmie,Voltorb,43.14,48.98,-5.84,67
Vigoroth,Sandshrew,34.3,40.14,-5.84,85
Vibrava,Sunflora,39.97,45.81,-5.84,64
Gyarados,Voltorb,48.54,54.38,-5.84,74
Vaporeon,Cubone,39.78,45.62,-5.84,73
Camerupt,Pidgeotto,39.63,45.48,-5.85,60
Electrike,Trapinch,37.27,43.12,-5.85,71
Exeggutor,Slugma,39.86,45.7,-5.85,82
Quilava,Voltorb,35.13,40.98,-5.85,63
Electrike,Cubone,37.28,43.13,-5.85,67
Exeggutor,Onix,38.69,44.55,-5.86,63
Exploud,Swampert,41.01,46.87,-5.86,69
Blaziken,Slugma,37.51,43.36,-5.86,57
Magneton,Ivysaur,39.55,45.41,-5.86,77
Loudred,Croconaw,37.58,43.44,-5.86,77
Plusle,Geodude,36.79,42.66,-5.87,76
Ninetales,Grovyle,40.75,46.62,-5.87,70
Snorlax,Smeargle,42.29,48.16,-5.88,80
Growlithe,Spearow,40.22,46.12,-5.9,71
Lileep,Mantine,39.54,45.44,-5.9,69
Gloom,Vigoroth,36.67,42.56,-5.9,61
Graveler,Lileep,39.6,45.5,-5.9,67
Magnemite,Blaziken,39.81,45.72,-5.91,72
Porygon2,Vigoroth,40.72,46.66,-5.93,66
Camerupt,Spearow,39.82,45.75,-5.93,65
Grovyle,Hoothoot,34.96,40.89,-5.93,71
Snorlax,Chansey,40.25,46.19,-5.94,68
Magcargo,Marill,37.79,43.73,-5.94,60
Pupitar,Grovyle,38.22,44.17,-5.95,55
Pidgeotto,Geodude,37.73,43.69,-5.96,58
Camerupt,Plusle,38.48,44.45,-5.97,75
Miltank,Girafarig,41.1,47.07,-5.97,64
Cacturne,Gloom,39.59,45.56,-5.97,82
Crobat,Pidgeotto,41.5,47.47,-5.97,63
Steelix,Geodude,39.97,45.94,-5.97,61
Meganium,Chansey,38.66,44.64,-5.98,76
Slowbro,Wartortle,40.09,46.06,-5.98,58
Charmeleon,Hoothoot,34.3,40.28,-5.99,65
Camerupt,Sunflora,38.03,44.02,-5.99,66
Magnemite,Sandshrew,37.58,43.57,-5.99,83
Exploud,Golbat,40.34,46.34,-6.0,70
Golem,Psyduck,38.38,44.38,-6.0,64
Electrode,Loudred,42.2,48.2,-6.0,74
Blaziken,Charmeleon,37.24,43.25,-6.01,74
Magneton,Plusle,40.01,46.02,-6.01,81
Growlithe,Pelipper,39.75,45.77,-6.02,69
Magcargo,Vigoroth,37.81,43.83,-6.02,67
Natu,Exeggcute,36.76,42.78,-6.02,67
Magnemite,Pelipper,40.17,46.19,-6.02,59
Sandslash,Marill,38.73,44.75,-6.02,80
Lileep,Minun,38.09,44.12,-6.03,72
Tentacruel,Graveler,40.48,46.5,-6.03,74
Snorlax,Pupitar,42.09,48.12,-6.03,80
Magcargo,Pupitar,39.83,45.87,-6.03,82
Golem,Sandshrew,38.9,44.93,-6.03,67
Girafarig,Vigoroth,37.57,43.61,-6.04,55
Magcargo,Slugma,38.87,44.91,-6.04,57
Grovyle,Wartortle,36.78,42.82,-6.04,68
Pelipper,Gloom,38.69,44.75,-6.06,74
Magmar,Pupitar,41.13,47.2,-6.07,61
Wartortle,Croconaw,35.82,41.9,-6.08,57
Magnemite,Slugma,38.99,45.08,-6.09,75
Staryu,Ivysaur,37.97,44.06,-6.09,66
Vaporeon,Vigoroth,39.37,45.46,-6.09,80
Golduck,Wartortle,38.07,44.16,-6.09,69
Skarmory,Charmeleon,41.76,47.88,-6.11,68
Magneton,Geodude,39.51,45.64,-6.12,68
Spearow,Exeggcute,36.8,42.91,-6.12,67
Crobat,Sandshrew,38.65,44.77,-6.12,76
Gloom,Trapinch,36.59,42.71,-6.12,68
Graveler,Voltorb,37.0,43.14,-6.15,56
Electrode,Quilava,40.14,46.3,-6.15,78
Minun,Exeggcute,35.32,41.48,-6.16,74
Geodude,Exeggcute,35.07,41.23,-6.16,81
Magnemite,Smeargle,39.92,46.08,-6.16,80
Grovyle,Chansey,36.08,42.24,-6.16,71
Pupitar,Geodude,37.29,43.45,-6.17,67
Loudred,Psyduck,35.63,41.8,-6.17,71
Exploud,Sandshrew,38.6,44.78,-6.18,72
Sandslash,Sunflora,39.48,45.66,-6.18,76
Miltank,Trapinch,37.98,44.17,-6.19,64
Pidgeotto,Blaziken,38.36,44.56,-6.2,63
Magnemite,Chansey,37.89,44.11,-6.21,61
Camerupt,Marill,36.91,43.11,-6.21,68
Slugma,Charmeleon,36.39,42.61,-6.21,82
Ninetales,Geodude,39.7,45.91,-6.21,64
Ponyta,Marill,36.76,42.99,-6.24,62
Plusle,Hoothoot,34.32,40.56,-6.24,81
Magnemite,Staryu,40.61,46.86,-6.26,58
Pidgeotto,Vigoroth,36.58,42.84,-6.26,65
Vaporeon,Wartortle,39.87,46.14,-6.27,68
Voltorb,Marill,34.28,40.56,-6.28,69
Persian,Chansey,38.95,45.23,-6.28,70
Loudred,Cubone,36.65,42.94,-6.29,62
Crobat,Exeggcute,38.72,45.01,-6.29,78
Magneton,Chansey,38.58,44.89,-6.3,90
Swampert,Charmeleon,36.87,43.19,-6.31,72
Minun,Cubone,35.52,41.83,-6.31,74
Grovyle,Exeggcute,35.64,41.95,-6.31,63
Ponyta,Vigoroth,36.77,43.09,-6.32,66
Swampert,Vigoroth,35.91,42.23,-6.32,68
Graveler,Exeggcute,36.55,42.86,-6.32,76
Charmeleon,Trapinch,35.34,41.67,-6.33,68
Dugtrio,Graveler,41.13,47.47,-6.34,70
Lileep,Swampert,38.33,44.67,-6.34,66
Miltank,Pelipper,39.87,46.22,-6.34,81
Minun,Wartortle,36.0,42.36,-6.35,68
Blaziken,Golbat,37.06,43.41,-6.36,71
Tentacruel,Hoothoot,36.41,42.77,-6.36,69
Steelix,Quilava,39.04,45.41,-6.36,74
Grovyle,Voltorb,35.86,42.23,-6.37,73
Mantine,Ivysaur,37.25,43.62,-6.37,70
Charmeleon,Wartortle,35.84,42.21,-6.37,88
Electrode,Marill,39.5,45.88,-6.38,65
Natu,Vigoroth,36.59,42.98,-6.39,71
Exeggutor,Marill,38.14,44.53,-6.39,68
Magnemite,Hoothoot,36.37,42.76,-6.39,60
Electrike,Charmeleon,37.55,43.94,-6.39,75
Loudred,Swampert,38.05,44.44,-6.39,69
Electrode,Ivysaur,40.22,46.61,-6.39,58
Pupitar,Croconaw,36.87,43.25,-6.39,72
Blaziken,Vigoroth,35.9,42.29,-6.39,66
Lileep,Croconaw,37.26,43.66,-6.4,71
Ninetales,Voltorb,38.74,45.14,-6.4,70
Natu,Grovyle,38.14,44.55,-6.41,73
Swampert,Minun,36.92,43.33,-6.41,73
Pelipper,Marill,36.23,42.66,-6.42,66
Magcargo,Wartortle,38.08,44.51,-6.43,57
Electrike,Pupitar,38.57,45.01,-6.44,64
Persian,Minun,39.79,46.23,-6.44,72
Trapinch,Voltorb,34.36,40.8,-6.45,67
Gloom,Minun,37.22,43.67,-6.45,71
Swampert,Psyduck,34.79,41.25,-6.45,70
Plusle,Marill,35.26,41.7,-6.45,74
Blaziken,Quilava,36.14,42.61,-6.47,69
Ponyta,Wartortle,37.31,43.77,-6.47,58
Minun,Onix,35.12,41.59,-6.47,80
Camerupt,Onix,36.66,43.13,-6.47,59
Pelipper,Smeargle,38.36,44.83,-6.47,82
Vibrava,Exeggcute,38.34,44.81,-6.47,82
Golbat,Geodude,36.07,42.55,-6.48,65
Electrike,Blaziken,38.22,44.7,-6.48,71
Marowak,Sandshrew,38.62,45.11,-6.49,79
Chansey,Psyduck,33.2,39.69,-6.49,62
Persian,Cubone,38.79,45.28,-6.49,65
Pelipper,Plusle,37.49,43.99,-6.5,72
Golbat,Onix,35.11,41.61,-6.5,75
Plusle,Golbat,36.43,42.93,-6.5,65
Persian,Vigoroth,38.63,45.13,-6.5,74
Golbat,Voltorb,35.28,41.78,-6.51,72
Slugma,Chansey,35.23,41.75,-6.51,73
Camerupt,Psyduck,35.72,42.23,-6.51,68
Camerupt,Mantine,39.12,45.63,-6.51,68
Exploud,Exeggcute,38.51,45.02,-6.51,72
Electrike,Quilava,36.78,43.29,-6.51,84
Wartortle,Vigoroth,34.73,41.25,-6.52,69
Growlithe,Plusle,38.29,44.82,-6.53,66
Loudred,Trapinch,36.4,42.93,-6.53,59
Growlithe,Gloom,39.05,45.58,-6.53,68
Pupitar,Onix,35.98,42.52,-6.54,67
Growlithe,Smeargle,39.13,45.66,-6.54,64
Azumarill,Exeggcute,39.39,45.94,-6.54,84
Natu,Plusle,37.67,44.21,-6.54,70
Snorlax,Sandshrew,39.11,45.65,-6.54,74
Ponyta,Sunflora,37.34,43.9,-6.56,71
Growlithe,Natu,39.42,45.99,-6.57,85
Persian,Onix,38.47,45.05,-6.58,77
Slaking,Croconaw,37.65,44.23,-6.58,71
Pupitar,Sunflora,36.83,43.41,-6.58,54
Camerupt,Chansey,36.74,43.31,-6.58,78
Geodude,Ivysaur,35.46,42.05,-6.59,80
Natu,Charmeleon,37.34,43.94,-6.59,56
Tentacruel,Exeggcute,37.23,43.83,-6.6,69
Golduck,Ivysaur,37.52,44.11,-6.6,81
Spearow,Golbat,37.62,44.23,-6.61,72
Azumarill,Voltorb,39.61,46.22,-6.61,77
Natu,Blaziken,38.09,44.7,-6.61,69
Magcargo,Chansey,37.31,43.93,-6.62,89
Charmeleon,Sandshrew,34.46,41.09,-6.63,69
Girafarig,Wartortle,37.66,44.29,-6.63,68
Sandslash,Hoothoot,36.97,43.61,-6.64,69
Tentacruel,Voltorb,37.47,44.11,-6.64,70
Smeargle,Exeggcute,35.82,42.46,-6.64,81
Girafarig,Marill,36.87,43.51,-6.64,74
Ponyta,Loudred,38.65,45.31,-6.66,62
Snorlax,Geodude,40.26,46.94,-6.67,74
Electrode,Smeargle,41.38,48.06,-6.68,68
Wartortle,Quilava,34.89,41.56,-6.68,60
Ponyta,Quilava,36.73,43.41,-6.68,66
Growlithe,Sandshrew,36.46,43.15,-6.69,69
Slowbro,Sunflora,39.49,46.19,-6.7,56
Persian,Psyduck,37.44,44.15,-6.71,65
Charmeleon,Vigoroth,34.81,41.53,-6.72,86
Natu,Wartortle,36.93,43.66,-6.72,73
Magnemite,Exeggcute,37.08,43.81,-6.73,62
Flaaffy,Hoothoot,38.16,44.91,-6.74,57
Graveler,Trapinch,36.46,43.2,-6.74,68
Camerupt,Sandshrew,36.03,42.78,-6.75,75
Mantine,Slugma,37.31,44.06,-6.76,76
Golbat,Ivysaur,35.56,42.33,-6.76,70
Electrike,Sunflora,37.01,43.78,-6.77,68
Pelipper,Quilava,36.3,43.07,-6.77,79
Vaporeon,Croconaw,39.34,46.11,-6.77,73
Blaziken,Grovyle,37.09,43.86,-6.77,79
Cacturne,Sunflora,37.6,44.37,-6.77,67
Gloom,Blaziken,37.5,44.28,-6.78,73
Slowbro,Psyduck,37.63,44.41,-6.78,83
Vigoroth,Exeggcute,33.6,40.38,-6.78,76
Lileep,Vigoroth,36.23,43.02,-6.78,76
Natu,Psyduck,35.22,42.0,-6.78,80
Ponyta,Psyduck,35.33,42.11,-6.78,85
Spearow,Hoothoot,35.08,41.86,-6.78,63
Mantine,Marill,36.1,42.89,-6.79,70
Cacturne,Onix,36.68,43.48,-6.8,71
Ponyta,Sandshrew,35.86,42.66,-6.8,70
Camerupt,Slugma,37.48,44.29,-6.81,81
Golbat,Charmeleon,35.84,42.66,-6.81,83
Smeargle,Marill,35.74,42.55,-6.81,62
Croconaw,Quilava,34.73,41.53,-6.81,63
Electrode,Voltorb,39.24,46.07,-6.83,69
Gloom,Hoothoot,34.49,41.32,-6.83,79
Growlithe,Grovyle,38.31,45.16,-6.84,77
Minun,Voltorb,34.91,41.77,-6.85,69
Pupitar,Plusle,36.98,43.84,-6.86,79
Growlithe,Ivysaur,37.34,44.22,-6.87,80
Magnemite,Geodude,37.98,44.86,-6.87,66
Grovyle,Minun,36.37,43.25,-6.87,67
Pelipper,Vigoroth,35.87,42.75,-6.88,83
Magnemite,Wartortle,37.8,44.69,-6.88,65
Mantine,Voltorb,36.19,43.08,-6.89,62
Ninetales,Charmeleon,39.13,46.02,-6.89,69
Staryu,Psyduck,35.56,42.45,-6.89,75
Ninetales,Croconaw,38.81,45.7,-6.89,63
Ivysaur,Sandshrew,33.86,40.77,-6.9,81
Plusle,Onix,34.82,41.72,-6.9,72
Plusle,Psyduck,33.92,40.83,-6.9,67
Persian,Loudred,40.41,47.34,-6.93,62
Plusle,Vigoroth,34.86,41.8,-6.94,74
Ponyta,Plusle,37.39,44.33,-6.94,73
Pelipper,Sandshrew,35.37,42.32,-6.95,56
Pidgeotto,Trapinch,36.03,42.98,-6.96,69
Slaking,Ponyta,39.13,46.11,-6.97,78
Natu,Quilava,36.31,43.29,-6.98,71
Exeggutor,Pupitar,39.69,46.66,-6.98,68
Staryu,Hoothoot,35.2,42.19,-6.99,73
Spearow,Sunflora,36.92,43.91,-6.99,88
Golduck,Trapinch,36.63,43.63,-7.0,75
Girafarig,Psyduck,35.62,42.63,-7.01,72
Ponyta,Pupitar,38.11,45.13,-7.02,64
Magnemite,Loudred,39.2,46.22,-7.02,87
Girafarig,Quilava,36.91,43.92,-7.02,60
Sunflora,Croconaw,34.99,42.02,-7.04,75
Tentacruel,Sandshrew,36.55,43.59,-7.04,70
Steelix,Psyduck,37.04,44.11,-7.07,63
Plusle,Cubone,34.89,41.96,-7.07,83
Gloom,Golbat,36.62,43.69,-7.07,60
Vibrava,Graveler,40.41,47.49,-7.08,65
Natu,Hoothoot,34.65,41.73,-7.08,64
Golem,Geodude,39.13,46.22,-7.08,66
Azumarill,Quilava,39.35,46.44,-7.09,57
Miltank,Psyduck,35.94,43.05,-7.11,75
Swampert,Wartortle,35.79,42.91,-7.12,63
Pelipper,Blaziken,37.36,44.47,-7.12,59
Smeargle,Onix,35.43,42.56,-7.13,68
Marill,Psyduck,32.36,39.49,-7.13,67
Golbat,Trapinch,34.71,41.84,-7.13,62
Pelipper,Onix,35.53,42.67,-7.14,83
Grovyle,Ivysaur,35.62,42.77,-7.15,62
Meganium,Wartortle,38.06,45.22,-7.16,64
Magneton,Psyduck,36.64,43.8,-7.17,74
Golbat,Quilava,34.84,42.01,-7.17,64
Exploud,Chansey,38.14,45.31,-7.18,73
Blaziken,Plusle,36.35,43.52,-7.18,85
Pelipper,Psyduck,34.59,41.77,-7.19,69
Blaziken,Psyduck,34.12,41.31,-7.19,74
Loudred,Plusle,36.83,44.02,-7.19,67
Pelipper,Croconaw,36.21,43.41,-7.2,72
Pidgeotto,Ivysaur,36.27,43.47,-7.2,78
Natu,Loudred,37.98,45.19,-7.21,66
Ninetales,Swampert,39.5,46.71,-7.21,71
Golduck,Marill,36.17,43.38,-7.22,72
Exeggutor,Geodude,38.25,45.48,-7.23,68
Grovyle,Trapinch,35.06,42.28,-7.23,77
Spearow,Minun,36.98,44.21,-7.23,75
Plusle,Slugma,35.64,42.88,-7.24,61
Ninetales,Pelipper,39.97,47.24,-7.27,59
Lileep,Sandshrew,35.31,42.58,-7.27,80
Pidgeotto,Golbat,36.69,43.97,-7.27,53
Sunflora,Voltorb,34.2,41.47,-7.27,65
Gloom,Psyduck,34.31,41.59,-7.27,67
Growlithe,Hoothoot,35.07,42.34,-7.27,79
Loudred,Geodude,36.35,43.64,-7.29,71
Voltorb,Onix,33.28,40.58,-7.29,62
Geodude,Vigoroth,34.12,41.42,-7.3,77
Magnemite,Trapinch,36.83,44.15,-7.32,69
Magneton,Charmeleon,38.43,45.75,-7.32,69
Exeggutor,Voltorb,37.4,44.72,-7.32,69
Plusle,Exeggcute,34.29,41.61,-7.32,67
Sandslash,Cubone,37.68,45.01,-7.33,86
Grovyle,Quilava,35.12,42.45,-7.33,72
Minun,Chansey,34.44,41.78,-7.33,70
Sunflora,Psyduck,33.06,40.39,-7.33,73
Lileep,Electrike,38.07,45.42,-7.35,68
Girafarig,Hoothoot,35.02,42.36,-7.35,63
Magnemite,Ivysaur,37.28,44.63,-7.36,57
Ponyta,Slugma,36.81,44.17,-7.36,81
Meganium,Psyduck,36.2,43.56,-7.36,76
Pidgeotto,Slugma,36.56,43.91,-7.36,66
Swampert,Croconaw,35.51,42.88,-7.36,63
Onix,Marill,33.01,40.38,-7.37,79
Golbat,Sunflora,35.13,42.5,-7.37,67
Natu,Voltorb,35.69,43.06,-7.38,73
Camerupt,Minun,36.94,44.32,-7.38,69
Exploud,Psyduck,36.85,44.23,-7.38,62
Lileep,Sunflora,36.42,43.82,-7.4,65
Meganium,Charmeleon,38.09,45.5,-7.41,56
Golduck,Chansey,36.16,43.59,-7.42,76
Golduck,Hoothoot,34.82,42.24,-7.42,65
Tentacruel,Geodude,37.44,44.87,-7.43,82
Charmeleon,Onix,34.01,41.45,-7.43,74
Loudred,Wartortle,36.03,43.47,-7.44,71
Swampert,Sunflora,35.58,43.03,-7.45,74
Graveler,Swampert,37.26,44.71,-7.45,77
Persian,Hoothoot,36.42,43.88,-7.46,75
Marowak,Croconaw,38.73,46.2,-7.46,68
Minun,Croconaw,34.85,42.33,-7.48,64
Sunflora,Onix,33.8,41.29,-7.49,75
Voltorb,Vigoroth,33.17,40.66,-7.49,57
Mantine,Golbat,36.62,44.11,-7.49,52
Smeargle,Sunflora,35.96,43.45,-7.5,66
Staryu,Camerupt,38.58,46.08,-7.5,67
Meganium,Voltorb,37.12,44.63,-7.5,64
Slaking,Marill,35.97,43.48,-7.51,69
Blissey,Pupitar,44.04,51.55,-7.51,70
Cubone,Trapinch,33.35,40.87,-7.52,75
Mantine,Sunflora,36.27,43.8,-7.53,64
Electrike,Chansey,35.53,43.08,-7.54,64
Gloom,Plusle,36.26,43.8,-7.54,69
Staryu,Quilava,36.2,43.75,-7.55,69
Electrike,Swampert,37.08,44.63,-7.55,60
Magmar,Onix,37.52,45.08,-7.56,73
Cacturne,Exeggcute,35.8,43.38,-7.57,66
Tentacruel,Minun,37.54,45.12,-7.58,63
Lileep,Ivysaur,36.06,43.64,-7.58,59
Loudred,Exeggcute,35.01,42.59,-7.59,53
Charmeleon,Sunflora,34.74,42.34,-7.6,96
Loudred,Sunflora,35.99,43.59,-7.6,86
Sunflora,Hoothoot,32.53,40.13,-7.6,73
Growlithe,Exeggcute,35.79,43.39,-7.61,78
Tentacruel,Psyduck,35.43,43.04,-7.61,63
Natu,Marill,35.27,42.88,-7.61,81
Golbat,Minun,35.18,42.8,-7.62,76
Marowak,Exeggcute,37.74,45.36,-7.62,80
Exeggutor,Sandshrew,36.57,44.2,-7.62,98
Mantine,Geodude,36.22,43.84,-7.62,84
Lileep,Onix,35.31,42.93,-7.62,70
Trapinch,Psyduck,32.1,39.73,-7.63,87
Blaziken,Voltorb,34.75,42.38,-7.63,84
Cacturne,Quilava,36.24,43.88,-7.64,79
Ponyta,Trapinch,35.58,43.24,-7.66,91
Charmeleon,Marill,33.76,41.43,-7.67,71
Magmar,Hoothoot,36.25,43.92,-7.67,84
Girafarig,Slugma,37.0,44.69,-7.68,67
Vigoroth,Hoothoot,31.64,39.33,-7.69,61
Slowbro,Trapinch,37.84,45.53,-7.69,71
Trapinch,Vigoroth,33.02,40.72,-7.7,71
Slugma,Quilava,34.25,41.96,-7.71,77
Staryu,Cubone,35.87,43.59,-7.71,66
Cacturne,Marill,35.75,43.47,-7.72,68
Plusle,Voltorb,34.17,41.89,-7.73,85
Minun,Charmeleon,34.9,42.64,-7.74,86
Geodude,Hoothoot,32.44,40.17,-7.74,61
Pelipper,Golbat,36.14,43.88,-7.74,73
Pidgeotto,Sandshrew,34.63,42.41,-7.77,66
Minun,Geodude,34.75,42.53,-7.78,70
Croconaw,Chansey,33.52,41.32,-7.8,76
Camerupt,Pupitar,37.44,45.25,-7.81,65
Pelipper,Slugma,36.02,43.83,-7.81,62
Slaking,Onix,35.67,43.5,-7.82,57
Quilava,Vigoroth,33.05,40.89,-7.84,65
Geodude,Onix,33.49,41.34,-7.84,82
Pidgeotto,Exeggcute,34.8,42.65,-7.85,72
Mantine,Exeggcute,34.93,42.8,-7.87,77
Pupitar,Chansey,34.81,42.7,-7.89,69
Pupitar,Psyduck,33.73,41.62,-7.9,58
Slaking,Ivysaur,36.31,44.21,-7.9,61
Minun,Hoothoot,32.51,40.43,-7.92,58
Gloom,Cubone,34.79,42.72,-7.93,80
Vibrava,Marill,36.98,44.91,-7.93,71
Magcargo,Geodude,36.75,44.68,-7.93,76
Magcargo,Psyduck,34.92,42.85,-7.93,69
Slugma,Marill,33.6,41.55,-7.94,64
Voltorb,Exeggcute,32.52,40.47,-7.95,65
Slugma,Exeggcute,33.5,41.45,-7.95,73
Pupitar,Charmeleon,35.62,43.56,-7.95,72
Sandslash,Chansey,36.99,44.95,-7.96,67
Crobat,Marill,37.14,45.1,-7.96,72
Golduck,Sunflora,36.33,44.29,-7.96,64
Smeargle,Trapinch,34.83,42.8,-7.96,73
Pupitar,Blaziken,36.35,44.33,-7.97,57
Ivysaur,Exeggcute,33.03,41.01,-7.98,91
Graveler,Charmeleon,36.02,44.02,-7.99,66
Pidgeotto,Pupitar,36.89,44.88,-7.99,56
Voltorb,Sandshrew,32.24,40.23,-7.99,72
Girafarig,Exeggcute,35.43,43.42,-7.99,73
Vigoroth,Onix,32.49,40.48,-8.0,78
Ivysaur,Chansey,33.3,41.3,-8.0,69
Minun,Sandshrew,33.24,41.24,-8.0,76
Pupitar,Wartortle,35.27,43.28,-8.01,55
Mantine,Psyduck,34.0,42.01,-8.01,77
Cubone,Exeggcute,32.52,40.53,-8.01,79
Golbat,Exeggcute,33.47,41.5,-8.04,60
Sunflora,Quilava,33.64,41.69,-8.05,78
Quilava,Trapinch,32.98,41.03,-8.05,80
Blaziken,Cubone,34.4,42.45,-8.05,74
Magnemite,Vigoroth,35.94,44.0,-8.06,61
Spearow,Pelipper,37.19,45.29,-8.1,71
Natu,Ivysaur,35.51,43.61,-8.1,94
Slugma,Croconaw,34.19,42.3,-8.1,67
Slaking,Cubone,35.62,43.73,-8.11,56
Exeggutor,Psyduck,35.53,43.65,-8.12,73
Staryu,Trapinch,35.45,43.58,-8.12,61
Pidgeotto,Croconaw,35.37,43.49,-8.12,73
Magnemite,Minun,36.98,45.11,-8.13,75
Smeargle,Grovyle,36.09,44.22,-8.13,71
Magnemite,Quilava,36.19,44.32,-8.13,85
Magnemite,Sunflora,36.68,44.81,-8.13,70
Ninetales,Vigoroth,36.93,45.05,-8.13,79
Electrike,Marill,34.75,42.88,-8.13,38
Gloom,Croconaw,35.08,43.22,-8.13,70
Electrike,Geodude,35.68,43.83,-8.14,63
Blaziken,Hoothoot,32.91,41.05,-8.14,70
Swampert,Onix,34.0,42.14,-8.14,70
Gloom,Sandshrew,33.99,42.13,-8.14,90
Plusle,Quilava,33.97,42.12,-8.15,73
Spearow,Geodude,35.8,43.95,-8.15,77
Plusle,Croconaw,34.28,42.45,-8.17,72
Lileep,Geodude,35.7,43.87,-8.17,72
Girafarig,Plusle,36.67,44.84,-8.17,74
Grovyle,Geodude,34.81,42.99,-8.18,58
Onix,Hoothoot,31.06,39.24,-8.18,71
Chansey,Voltorb,32.58,40.76,-8.18,67
Crobat,Psyduck,36.03,44.22,-8.19,68
Charmeleon,Quilava,33.65,41.84,-8.19,80
Blaziken,Sandshrew,33.67,41.86,-8.19,86
Growlithe,Trapinch,35.53,43.73,-8.2,69
Lileep,Slugma,35.87,44.09,-8.22,72
Minun,Slugma,34.53,42.75,-8.22,69
Charmeleon,Chansey,33.39,41.63,-8.24,69
Chansey,Vigoroth,32.43,40.67,-8.24,69
Geodude,Trapinch,33.32,41.56,-8.25,71
Tentacruel,Cubone,35.92,44.17,-8.26,63
Swampert,Exeggcute,33.77,42.03,-8.27,73
Plusle,Trapinch,33.64,41.95,-8.31,72
Grovyle,Onix,33.75,42.05,-8.31,72
Charmeleon,Cubone,33.37,41.69,-8.32,76
Ponyta,Croconaw,35.42,43.74,-8.33,68
Spearow,Vigoroth,34.77,43.11,-8.34,78
Wartortle,Trapinch,33.06,41.39,-8.34,60
Electrike,Croconaw,35.28,43.62,-8.34,75
Croconaw,Psyduck,31.88,40.24,-8.36,72
Slowbro,Charmeleon,37.99,46.34,-8.36,70
Slugma,Cubone,33.42,41.8,-8.38,66
Mantine,Grovyle,36.17,44.56,-8.39,63
Quilava,Cubone,32.65,41.04,-8.39,83
Exploud,Hoothoot,35.58,43.97,-8.39,71
Graveler,Psyduck,33.68,42.08,-8.39,75
Geodude,Wartortle,33.7,42.1,-8.4,63
Marill,Exeggcute,31.86,40.28,-8.42,75
Slowbro,Sandshrew,36.53,44.95,-8.42,72
Pupitar,Golbat,35.3,43.73,-8.43,62
Magnemite,Psyduck,34.6,43.02,-8.43,69
Pelipper,Exeggcute,34.13,42.56,-8.44,62
Minun,Psyduck,32.24,40.7,-8.45,69
Lileep,Pidgeotto,36.84,45.28,-8.45,60
Camerupt,Vigoroth,34.76,43.22,-8.46,64
Meganium,Pelipper,38.25,46.72,-8.48,84
Staryu,Chansey,35.05,43.53,-8.48,62
Natu,Pelipper,36.68,45.16,-8.48,65
Spearow,Wartortle,35.29,43.78,-8.49,79
Golduck,Slugma,36.07,44.56,-8.49,73
Growlithe,Psyduck,34.11,42.61,-8.5,91
Electrode,Exeggcute,37.29,45.79,-8.5,58
Graveler,Onix,34.45,42.97,-8.52,70
Porygon2,Chansey,38.23,46.76,-8.52,64
Smeargle,Hoothoot,32.88,41.41,-8.52,92
Exeggcute,Psyduck,30.87,39.4,-8.53,79
Ivysaur,Marill,32.57,41.1,-8.53,51
Graveler,Cubone,34.67,43.21,-8.54,71
Croconaw,Ivysaur,33.3,41.85,-8.55,65
Wartortle,Cubone,32.85,41.41,-8.56,71
Cacturne,Wartortle,35.68,44.25,-8.57,68
Natu,Sunflora,35.2,43.78,-8.58,61
Pidgeotto,Hoothoot,33.01,41.59,-8.58,70
Lileep,Marill,34.33,42.91,-8.59,73
Grovyle,Sandshrew,33.1,41.7,-8.6,64
Swampert,Chansey,33.71,42.33,-8.61,55
Loudred,Hoothoot,32.93,41.54,-8.61,77
Quilava,Onix,32.18,40.8,-8.62,71
Wartortle,Ivysaur,33.26,41.88,-8.62,61
Swampert,Cubone,33.75,42.38,-8.63,72
Pupitar,Vigoroth,33.98,42.61,-8.63,77
Ponyta,Hoothoot,33.21,41.85,-8.64,76
Cacturne,Hoothoot,33.68,42.32,-8.64,64
Ivysaur,Vigoroth,32.55,41.2,-8.65,71
Cacturne,Croconaw,35.55,44.22,-8.66,76
Girafarig,Charmeleon,35.88,44.57,-8.69,77
Slaking,Quilava,35.19,43.9,-8.7,75
Gloom,Marill,33.76,42.47,-8.7,82
Spearow,Marill,34.3,43.0,-8.71,71
Miltank,Sandshrew,34.89,43.59,-8.71,77
Ponyta,Chansey,34.48,43.2,-8.71,63
Staryu,Croconaw,35.35,44.08,-8.73,61
Cubone,Chansey,32.08,40.83,-8.74,66
Mantine,Quilava,34.56,43.3,-8.74,77
Pidgeotto,Cubone,34.25,43.0,-8.75,60
Grovyle,Psyduck,32.41,41.16,-8.75,75
Swampert,Plusle,34.7,43.46,-8.76,77
Cacturne,Voltorb,34.88,43.66,-8.78,75
Ivysaur,Trapinch,32.54,41.34,-8.8,78
Smeargle,Swampert,35.5,44.3,-8.8,68
Magcargo,Quilava,35.34,44.15,-8.81,64
Vibrava,Sandshrew,35.74,44.57,-8.83,76
Swampert,Grovyle,34.95,43.8,-8.84,53
Camerupt,Exeggcute,34.17,43.02,-8.85,73
Smeargle,Quilava,34.12,42.97,-8.85,75
Graveler,Chansey,34.3,43.16,-8.85,84
Blaziken,Trapinch,33.58,42.44,-8.86,85
Steelix,Onix,36.14,45.0,-8.87,67
Pelipper,Sunflora,34.68,43.56,-8.88,77
Staryu,Minun,35.65,44.53,-8.88,78
Slaking,Exeggcute,34.51,43.39,-8.88,57
Staryu,Pupitar,36.57,45.47,-8.89,64
Blaziken,Marill,33.3,42.19,-8.89,77
Staryu,Voltorb,34.63,43.52,-8.89,80
Wartortle,Exeggcute,32.16,41.06,-8.9,67
Camerupt,Cubone,34.47,43.37,-8.9,65
Graveler,Vigoroth,34.15,43.05,-8.9,84
Croconaw,Onix,32.21,41.13,-8.92,59
Staryu,Wartortle,35.19,44.11,-8.92,59
Charmeleon,Geodude,33.45,42.38,-8.93,60
Quilava,Hoothoot,30.71,39.64,-8.93,93
Swampert,Trapinch,33.4,42.37,-8.97,76
Slaking,Voltorb,34.69,43.67,-8.98,59
Spearow,Sandshrew,33.68,42.67,-8.99,67
Staryu,Blaziken,36.16,45.15,-8.99,63
Cubone,Voltorb,31.81,40.81,-9.0,76
Growlithe,Quilava,34.85,43.9,-9.05,72
Cubone,Sandshrew,31.24,40.29,-9.05,83
Charmeleon,Voltorb,32.56,41.62,-9.06,76
Swampert,Geodude,33.99,43.08,-9.08,60
Golbat,Sandshrew,32.17,41.26,-9.09,64
Camerupt,Geodude,34.96,44.06,-9.1,83
Spearow,Lileep,36.43,45.55,-9.12,62
Lileep,Cubone,34.04,43.17,-9.13,75
Quilava,Marill,31.65,40.78,-9.13,71
Electrike,Plusle,35.07,44.21,-9.14,56
Geodude,Sunflora,33.08,42.23,-9.15,80
Graveler,Hoothoot,32.64,41.81,-9.17,69
Quilava,Exeggcute,31.53,40.7,-9.17,79
Golduck,Vigoroth,34.31,43.48,-9.18,61
Onix,Exeggcute,31.1,40.3,-9.2,56
Slaking,Pupitar,36.39,45.62,-9.22,72
Magcargo,Sandshrew,34.14,43.4,-9.25,77
Swampert,Slugma,34.05,43.3,-9.25,64
Loudred,Sandshrew,33.06,42.35,-9.29,75
Minun,Vigoroth,32.37,41.67,-9.3,79
Swampert,Hoothoot,31.64,40.98,-9.34,59
Charmeleon,Exeggcute,31.99,41.34,-9.35,72
Wartortle,Voltorb,31.97,41.34,-9.37,76
Mantine,Sandshrew,33.15,42.55,-9.4,63
Graveler,Geodude,34.49,43.91,-9.41,66
Spearow,Onix,33.61,43.02,-9.41,59
Golbat,Marill,32.17,41.59,-9.43,72
Growlithe,Vigoroth,34.15,43.59,-9.43,68
Smeargle,Vigoroth,33.21,42.65,-9.44,74
Loudred,Vigoroth,33.33,42.78,-9.45,59
Pupitar,Gloom,35.15,44.6,-9.45,67
Grovyle,Marill,32.58,42.04,-9.46,69
Minun,Sunflora,33.01,42.48,-9.47,69
Miltank,Slugma,35.62,45.11,-9.48,67
Quilava,Sandshrew,30.96,40.45,-9.49,76
Electrike,Vigoroth,33.48,42.98,-9.5,55
Camerupt,Hoothoot,32.46,41.97,-9.51,75
Geodude,Marill,31.8,41.32,-9.52,67
Pidgeotto,Charmeleon,34.27,43.8,-9.53,68
Slaking,Trapinch,34.18,43.73,-9.54,75
Vaporeon,Hoothoot,34.68,44.22,-9.54,79
Vibrava,Vigoroth,35.46,45.0,-9.55,88
Minun,Trapinch,32.27,41.82,-9.55,76
Spearow,Cubone,33.7,43.26,-9.56,70
Slugma,Psyduck,31.08,40.66,-9.58,83
Cacturne,Pelipper,36.17,45.75,-9.58,48
Chansey,Hoothoot,29.82,39.42,-9.6,58
Ivysaur,Cubone,31.74,41.36,-9.61,67
Cubone,Marill,31.01,40.62,-9.62,62
Electrike,Voltorb,33.43,43.06,-9.64,71
Pupitar,Exeggcute,32.78,42.41,-9.64,74
Golbat,Vigoroth,32.01,41.7,-9.68,72
Geodude,Chansey,31.79,41.52,-9.73,79
Wartortle,Sandshrew,31.04,40.81,-9.77,85
Loudred,Onix,32.92,42.7,-9.78,81
Gloom,Onix,32.7,42.48,-9.78,60
Trapinch,Onix,30.83,40.63,-9.8,69
Quilava,Psyduck,30.1,39.91,-9.8,80
Pidgeotto,Psyduck,32.04,41.86,-9.82,65
Onix,Psyduck,29.6,39.5,-9.9,61
Sunflora,Ivysaur,32.1,42.0,-9.91,84
Exeggcute,Hoothoot,29.23,39.13,-9.91,67
Marill,Sandshrew,30.12,40.03,-9.92,60
Pidgeotto,Voltorb,33.01,42.93,-9.92,76
Ponyta,Geodude,34.02,43.95,-9.92,79
Ivysaur,Voltorb,31.36,41.29,-9.93,64
Spearow,Quilava,33.45,43.42,-9.97,71
Quilava,Chansey,30.88,40.98,-10.11,81
Croconaw,Voltorb,31.19,41.31,-10.12,70
Magneton,Voltorb,34.73,44.88,-10.15,76
Graveler,Sandshrew,32.46,42.62,-10.16,71
Smeargle,Psyduck,31.48,41.67,-10.19,85
Ivysaur,Hoothoot,29.76,39.95,-10.19,74
Wartortle,Psyduck,30.07,40.27,-10.2,78
Blaziken,Geodude,32.88,43.14,-10.26,76
Loudred,Golbat,33.56,43.91,-10.35,70
Croconaw,Hoothoot,29.6,39.97,-10.38,77
Croconaw,Sandshrew,30.37,40.78,-10.41,65
Psyduck,Hoothoot,27.93,38.34,-10.42,73
Magcargo,Voltorb,33.44,43.92,-10.48,58
Smeargle,Geodude,33.0,43.5,-10.5,60
Exeggcute,Sandshrew,29.43,39.95,-10.52,81
Voltorb,Psyduck,29.15,39.68,-10.53,66
Croconaw,Cubone,30.82,41.38,-10.55,67
Sandshrew,Psyduck,28.55,39.16,-10.6,91
Trapinch,Marill,30.01,40.61,-10.61,54
Electrike,Psyduck,31.33,42.0,-10.66,70
Slugma,Vigoroth,30.96,41.64,-10.68,76
Ivysaur,Onix,30.43,41.11,-10.69,65
Ninetales,Cubone,34.48,45.21,-10.73,54
Mantine,Hoothoot,31.0,41.74,-10.75,60
Geodude,Psyduck,29.68,40.44,-10.76,80
Plusle,Chansey,31.13,41.91,-10.78,78
Smeargle,Croconaw,32.5,43.3,-10.8,73
Ivysaur,Psyduck,29.36,40.22,-10.86,63
Smeargle,Chansey,31.87,42.75,-10.88,78
Chansey,Marill,29.59,40.57,-10.98,70
Swampert,Marill,31.09,42.12,-11.03,75
Gloom,Sunflora,32.32,43.37,-11.05,70
Gloom,Ivysaur,32.1,43.2,-11.09,64
Spearow,Chansey,32.12,43.2,-11.09,65
Croconaw,Marill,29.94,41.12,-11.18,71
Cubone,Vigoroth,29.5,40.73,-11.23,62
Cubone,Hoothoot,28.23,39.48,-11.25,74
Sunflora,Vigoroth,30.12,41.38,-11.26,76
Cacturne,Trapinch,32.42,43.71,-11.29,69
Sunflora,Marill,29.99,41.27,-11.29,65
Trapinch,Hoothoot,28.16,39.47,-11.31,66
Magmar,Psyduck,32.83,44.19,-11.36,77
Sunflora,Trapinch,30.02,41.52,-11.5,49
Sunflora,Chansey,29.96,41.48,-11.52,59
Trapinch,Sandshrew,28.71,40.28,-11.57,69
Slugma,Onix,29.96,41.56,-11.6,75
Grovyle,Vigoroth,30.47,42.14,-11.67,65
Croconaw,Exeggcute,29.35,41.03,-11.68,72
Wartortle,Hoothoot,28.23,40.0,-11.78,67
Golbat,Psyduck,28.74,40.72,-11.98,56
Slugma,Voltorb,29.7,41.73,-12.03,62
Cubone,Psyduck,27.62,39.75,-12.12,64
Natu,Onix,30.74,42.89,-12.15,74
Chansey,Onix,28.35,40.59,-12.24,68
Trapinch,Chansey,28.14,40.81,-12.68,67
Minun,Marill,28.73,41.58,-12.85,53
Sandshrew,Hoothoot,25.96,38.89,-12.93,79
Chansey,Exeggcute,27.51,40.48,-12.97,71
Vigoroth,Marill,27.48,40.47,-12.99,87
Onix,Sandshrew,26.92,40.05,-13.13,62
Vigoroth,Psyduck,25.95,39.59,-13.64,61
Natu,Cubone,29.45,43.13,-13.68,73
Chansey,Sandshrew,26.47,40.23,-13.76,67
Pelipper,Hoothoot,27.56,41.51,-13.95,71
